 Incident particle is a Tau with M = 1776.82000 MeV
 Index = 1: Water
      Absorber with <Z/A> = 0.55500
 Density effect computed following Fano (1963)
 Models for Radloss: brems =  SSR, pair =  SSR, photonuc = DRSS

 *** Table generated with PUMAS v1.1 ***

      T         p     Ionization  brems     pair     photonuc  Radloss    dE/dx   CSDA Range  delta   beta
    [MeV]    [MeV/c]  -----------------------[MeV cm^2/g]------------------------  [g/cm^2]
  1.000E+05 1.018E+05 2.443E+00 4.111E-05 2.250E-03 6.760E-03 9.051E-03 2.452E+00 2.039E+04  4.8229 0.99985
  1.122E+05 1.140E+05 2.464E+00 4.977E-05 2.717E-03 7.662E-03 1.043E-02 2.474E+00 2.535E+04  5.0332 0.99988
  1.259E+05 1.277E+05 2.485E+00 6.013E-05 3.269E-03 8.666E-03 1.200E-02 2.497E+00 3.085E+04  5.2462 0.99990
  1.413E+05 1.430E+05 2.506E+00 7.254E-05 3.919E-03 9.775E-03 1.377E-02 2.520E+00 3.698E+04  5.4618 0.99992
  1.585E+05 1.603E+05 2.527E+00 8.734E-05 4.683E-03 1.103E-02 1.581E-02 2.543E+00 4.379E+04  5.6797 0.99994
  1.778E+05 1.796E+05 2.548E+00 1.050E-04 5.580E-03 1.243E-02 1.811E-02 2.566E+00 5.136E+04  5.8995 0.99995
  1.995E+05 2.013E+05 2.568E+00 1.259E-04 6.631E-03 1.401E-02 2.077E-02 2.589E+00 5.977E+04  6.1210 0.99996
  2.239E+05 2.256E+05 2.589E+00 1.508E-04 7.859E-03 1.577E-02 2.377E-02 2.613E+00 6.913E+04  6.3440 0.99997
  2.512E+05 2.530E+05 2.610E+00 1.802E-04 9.292E-03 1.773E-02 2.720E-02 2.637E+00 7.954E+04  6.5682 0.99998
  2.818E+05 2.836E+05 2.630E+00 2.150E-04 1.096E-02 1.994E-02 3.112E-02 2.661E+00 9.111E+04  6.7934 0.99998
  3.162E+05 3.180E+05 2.651E+00 2.560E-04 1.291E-02 2.244E-02 3.560E-02 2.686E+00 1.040E+05  7.0194 0.99998
  3.548E+05 3.566E+05 2.671E+00 3.042E-04 1.516E-02 2.523E-02 4.070E-02 2.712E+00 1.183E+05  7.2462 0.99999
  3.981E+05 3.999E+05 2.691E+00 3.610E-04 1.778E-02 2.836E-02 4.650E-02 2.738E+00 1.342E+05  7.4735 0.99999
  4.467E+05 4.485E+05 2.711E+00 4.276E-04 2.081E-02 3.189E-02 5.313E-02 2.765E+00 1.518E+05  7.7013 0.99999
  5.012E+05 5.030E+05 2.732E+00 5.055E-04 2.432E-02 3.584E-02 6.066E-02 2.792E+00 1.714E+05  7.9295 0.99999
  5.623E+05 5.641E+05 2.752E+00 5.969E-04 2.836E-02 4.030E-02 6.926E-02 2.821E+00 1.932E+05  8.1581 1.00000
  6.310E+05 6.327E+05 2.772E+00 7.035E-04 3.303E-02 4.535E-02 7.909E-02 2.851E+00 2.174E+05  8.3869 1.00000
  7.079E+05 7.097E+05 2.792E+00 8.279E-04 3.841E-02 5.104E-02 9.028E-02 2.882E+00 2.443E+05  8.6160 1.00000
  7.943E+05 7.961E+05 2.812E+00 9.728E-04 4.460E-02 5.746E-02 1.030E-01 2.915E+00 2.741E+05  8.8452 1.00000
  8.913E+05 8.930E+05 2.832E+00 1.141E-03 5.172E-02 6.469E-02 1.175E-01 2.949E+00 3.071E+05  9.0746 1.00000
  1.000E+06 1.002E+06 2.851E+00 1.337E-03 5.988E-02 7.289E-02 1.341E-01 2.985E+00 3.438E+05  9.3041 1.00000
  1.122E+06 1.124E+06 2.871E+00 1.565E-03 6.924E-02 8.213E-02 1.529E-01 3.024E+00 3.844E+05  9.5337 1.00000
  1.259E+06 1.261E+06 2.890E+00 1.828E-03 7.997E-02 9.263E-02 1.744E-01 3.065E+00 4.293E+05  9.7635 1.00000
  1.413E+06 1.414E+06 2.910E+00 2.134E-03 9.224E-02 1.045E-01 1.989E-01 3.109E+00 4.791E+05  9.9933 1.00000
  1.585E+06 1.587E+06 2.929E+00 2.488E-03 1.063E-01 1.180E-01 2.267E-01 3.156E+00 5.341E+05 10.2231 1.00000
  1.778E+06 1.780E+06 2.948E+00 2.896E-03 1.223E-01 1.332E-01 2.584E-01 3.207E+00 5.949E+05 10.4531 1.00000
  1.995E+06 1.997E+06 2.967E+00 3.367E-03 1.405E-01 1.505E-01 2.944E-01 3.262E+00 6.620E+05 10.6830 1.00000
  2.239E+06 2.240E+06 2.986E+00 3.913E-03 1.614E-01 1.702E-01 3.354E-01 3.321E+00 7.360E+05 10.9130 1.00000
  2.512E+06 2.514E+06 3.005E+00 4.542E-03 1.851E-01 1.924E-01 3.821E-01 3.387E+00 8.174E+05 11.1431 1.00000
  2.818E+06 2.820E+06 3.023E+00 5.266E-03 2.121E-01 2.178E-01 4.351E-01 3.458E+00 9.070E+05 11.3731 1.00000
  3.162E+06 3.164E+06 3.041E+00 6.100E-03 2.427E-01 2.466E-01 4.954E-01 3.537E+00 1.005E+06 11.6032 1.00000
  3.548E+06 3.550E+06 3.060E+00 7.057E-03 2.775E-01 2.793E-01 5.639E-01 3.624E+00 1.113E+06 11.8333 1.00000
  3.981E+06 3.983E+06 3.078E+00 8.157E-03 3.171E-01 3.165E-01 6.417E-01 3.719E+00 1.231E+06 12.0635 1.00000
  4.467E+06 4.469E+06 3.095E+00 9.420E-03 3.619E-01 3.588E-01 7.302E-01 3.826E+00 1.360E+06 12.2936 1.00000
  5.012E+06 5.014E+06 3.113E+00 1.088E-02 4.127E-01 4.070E-01 8.306E-01 3.944E+00 1.500E+06 12.5238 1.00000
  5.623E+06 5.625E+06 3.130E+00 1.255E-02 4.702E-01 4.619E-01 9.447E-01 4.075E+00 1.653E+06 12.7539 1.00000
  6.310E+06 6.311E+06 3.148E+00 1.446E-02 5.354E-01 5.244E-01 1.074E+00 4.222E+00 1.818E+06 12.9841 1.00000
  7.079E+06 7.081E+06 3.165E+00 1.665E-02 6.091E-01 5.955E-01 1.221E+00 4.386E+00 1.997E+06 13.2143 1.00000
  7.943E+06 7.945E+06 3.182E+00 1.917E-02 6.924E-01 6.766E-01 1.388E+00 4.570E+00 2.190E+06 13.4445 1.00000
  8.913E+06 8.914E+06 3.199E+00 2.204E-02 7.866E-01 7.690E-01 1.578E+00 4.776E+00 2.397E+06 13.6747 1.00000
  1.000E+07 1.000E+07 3.215E+00 2.533E-02 8.929E-01 8.742E-01 1.792E+00 5.008E+00 2.620E+06 13.9049 1.00000
  1.122E+07 1.122E+07 3.232E+00 2.909E-02 1.013E+00 9.942E-01 2.036E+00 5.268E+00 2.857E+06 14.1351 1.00000
  1.259E+07 1.259E+07 3.248E+00 3.338E-02 1.148E+00 1.131E+00 2.313E+00 5.561E+00 3.110E+06 14.3654 1.00000
  1.413E+07 1.413E+07 3.264E+00 3.829E-02 1.301E+00 1.287E+00 2.627E+00 5.891E+00 3.378E+06 14.5956 1.00000
  1.585E+07 1.585E+07 3.280E+00 4.389E-02 1.474E+00 1.465E+00 2.983E+00 6.263E+00 3.662E+06 14.8258 1.00000
  1.778E+07 1.778E+07 3.296E+00 5.028E-02 1.668E+00 1.668E+00 3.386E+00 6.682E+00 3.961E+06 15.0561 1.00000
  1.995E+07 1.995E+07 3.312E+00 5.757E-02 1.887E+00 1.900E+00 3.844E+00 7.156E+00 4.275E+06 15.2863 1.00000
  2.239E+07 2.239E+07 3.328E+00 6.588E-02 2.133E+00 2.164E+00 4.363E+00 7.690E+00 4.603E+06 15.5165 1.00000
  2.512E+07 2.512E+07 3.343E+00 7.536E-02 2.411E+00 2.465E+00 4.951E+00 8.295E+00 4.945E+06 15.7468 1.00000
  2.818E+07 2.819E+07 3.359E+00 8.616E-02 2.723E+00 2.809E+00 5.619E+00 8.978E+00 5.300E+06 15.9770 1.00000
  3.162E+07 3.162E+07 3.374E+00 9.846E-02 3.075E+00 3.202E+00 6.376E+00 9.750E+00 5.668E+06 16.2073 1.00000
  3.548E+07 3.548E+07 3.390E+00 1.125E-01 3.470E+00 3.651E+00 7.233E+00 1.062E+01 6.047E+06 16.4375 1.00000
  3.981E+07 3.981E+07 3.405E+00 1.284E-01 3.915E+00 4.163E+00 8.206E+00 1.161E+01 6.436E+06 16.6678 1.00000
  4.467E+07 4.467E+07 3.421E+00 1.465E-01 4.416E+00 4.747E+00 9.309E+00 1.273E+01 6.836E+06 16.8980 1.00000
  5.012E+07 5.012E+07 3.436E+00 1.671E-01 4.979E+00 5.414E+00 1.056E+01 1.400E+01 7.244E+06 17.1283 1.00000
  5.623E+07 5.624E+07 3.452E+00 1.904E-01 5.611E+00 6.177E+00 1.198E+01 1.543E+01 7.660E+06 17.3585 1.00000
  6.310E+07 6.310E+07 3.467E+00 2.170E-01 6.322E+00 7.047E+00 1.359E+01 1.705E+01 8.083E+06 17.5888 1.00000
  7.079E+07 7.080E+07 3.483E+00 2.471E-01 7.122E+00 8.041E+00 1.541E+01 1.889E+01 8.511E+06 17.8190 1.00000
  7.943E+07 7.943E+07 3.498E+00 2.814E-01 8.020E+00 9.177E+00 1.748E+01 2.098E+01 8.945E+06 18.0493 1.00000
  8.913E+07 8.913E+07 3.513E+00 3.202E-01 9.029E+00 1.047E+01 1.982E+01 2.334E+01 9.383E+06 18.2795 1.00000
  1.000E+08 1.000E+08 3.529E+00 3.642E-01 1.016E+01 1.196E+01 2.248E+01 2.601E+01 9.824E+06 18.5098 1.00000
  1.122E+08 1.122E+08 3.544E+00 4.140E-01 1.143E+01 1.365E+01 2.550E+01 2.904E+01 1.027E+07 18.7400 1.00000
  1.259E+08 1.259E+08 3.560E+00 4.706E-01 1.286E+01 1.559E+01 2.892E+01 3.248E+01 1.071E+07 18.9703 1.00000
  1.413E+08 1.413E+08 3.576E+00 5.346E-01 1.447E+01 1.780E+01 3.280E+01 3.638E+01 1.116E+07 19.2005 1.00000
  1.585E+08 1.585E+08 3.591E+00 6.070E-01 1.627E+01 2.032E+01 3.720E+01 4.080E+01 1.161E+07 19.4308 1.00000
  1.778E+08 1.778E+08 3.607E+00 6.890E-01 1.830E+01 2.321E+01 4.220E+01 4.581E+01 1.205E+07 19.6610 1.00000
  1.995E+08 1.995E+08 3.623E+00 7.818E-01 2.057E+01 2.651E+01 4.787E+01 5.149E+01 1.250E+07 19.8913 1.00000
  2.239E+08 2.239E+08 3.639E+00 8.867E-01 2.312E+01 3.029E+01 5.430E+01 5.793E+01 1.295E+07 20.1216 1.00000
  2.512E+08 2.512E+08 3.654E+00 1.005E+00 2.599E+01 3.460E+01 6.159E+01 6.525E+01 1.339E+07 20.3518 1.00000
  2.818E+08 2.818E+08 3.670E+00 1.139E+00 2.921E+01 3.953E+01 6.987E+01 7.354E+01 1.383E+07 20.5821 1.00000
  3.162E+08 3.162E+08 3.686E+00 1.291E+00 3.282E+01 4.516E+01 7.927E+01 8.296E+01 1.427E+07 20.8123 1.00000
  3.548E+08 3.548E+08 3.702E+00 1.462E+00 3.687E+01 5.161E+01 8.994E+01 9.364E+01 1.471E+07 21.0426 1.00000
  3.981E+08 3.981E+08 3.719E+00 1.655E+00 4.142E+01 5.898E+01 1.020E+02 1.058E+02 1.515E+07 21.2728 1.00000
  4.467E+08 4.467E+08 3.735E+00 1.873E+00 4.652E+01 6.740E+01 1.158E+02 1.195E+02 1.558E+07 21.5031 1.00000
  5.012E+08 5.012E+08 3.751E+00 2.119E+00 5.225E+01 7.703E+01 1.314E+02 1.352E+02 1.601E+07 21.7334 1.00000
  5.623E+08 5.623E+08 3.768E+00 2.397E+00 5.868E+01 8.805E+01 1.491E+02 1.529E+02 1.643E+07 21.9636 1.00000
  6.310E+08 6.310E+08 3.784E+00 2.710E+00 6.590E+01 1.006E+02 1.693E+02 1.730E+02 1.685E+07 22.1939 1.00000
  7.079E+08 7.079E+08 3.801E+00 3.063E+00 7.400E+01 1.151E+02 1.921E+02 1.959E+02 1.727E+07 22.4241 1.00000
  7.943E+08 7.943E+08 3.817E+00 3.461E+00 8.309E+01 1.315E+02 2.181E+02 2.219E+02 1.768E+07 22.6544 1.00000
  8.913E+08 8.913E+08 3.834E+00 3.909E+00 9.329E+01 1.504E+02 2.476E+02 2.514E+02 1.809E+07 22.8846 1.00000
  1.000E+09 1.000E+09 3.851E+00 4.414E+00 1.047E+02 1.720E+02 2.811E+02 2.850E+02 1.850E+07 23.1149 1.00000
  1.122E+09 1.122E+09 3.868E+00 4.983E+00 1.176E+02 1.966E+02 3.192E+02 3.231E+02 1.890E+07 23.3452 1.00000
  1.259E+09 1.259E+09 3.885E+00 5.624E+00 1.320E+02 2.248E+02 3.625E+02 3.664E+02 1.930E+07 23.5754 1.00000
  1.413E+09 1.413E+09 3.902E+00 6.345E+00 1.482E+02 2.571E+02 4.117E+02 4.156E+02 1.969E+07 23.8057 1.00000
  1.585E+09 1.585E+09 3.919E+00 7.157E+00 1.663E+02 2.941E+02 4.676E+02 4.715E+02 2.008E+07 24.0359 1.00000
  1.778E+09 1.778E+09 3.936E+00 8.070E+00 1.867E+02 3.363E+02 5.311E+02 5.351E+02 2.047E+07 24.2662 1.00000
  1.995E+09 1.995E+09 3.954E+00 9.098E+00 2.096E+02 3.847E+02 6.034E+02 6.073E+02 2.085E+07 24.4965 1.00000
  2.239E+09 2.239E+09 3.971E+00 1.025E+01 2.352E+02 4.401E+02 6.855E+02 6.895E+02 2.122E+07 24.7267 1.00000
  2.512E+09 2.512E+09 3.989E+00 1.156E+01 2.640E+02 5.034E+02 7.790E+02 7.829E+02 2.160E+07 24.9570 1.00000
  2.818E+09 2.818E+09 4.006E+00 1.302E+01 2.963E+02 5.759E+02 8.852E+02 8.892E+02 2.196E+07 25.1872 1.00000
  3.162E+09 3.162E+09 4.024E+00 1.466E+01 3.325E+02 6.589E+02 1.006E+03 1.010E+03 2.233E+07 25.4175 1.00000
  3.548E+09 3.548E+09 4.042E+00 1.651E+01 3.732E+02 7.539E+02 1.144E+03 1.148E+03 2.268E+07 25.6477 1.00000
  3.981E+09 3.981E+09 4.060E+00 1.859E+01 4.188E+02 8.626E+02 1.300E+03 1.304E+03 2.304E+07 25.8780 1.00000
  4.467E+09 4.467E+09 4.078E+00 2.093E+01 4.700E+02 9.870E+02 1.478E+03 1.482E+03 2.339E+07 26.1083 1.00000
  5.012E+09 5.012E+09 4.096E+00 2.355E+01 5.274E+02 1.129E+03 1.680E+03 1.685E+03 2.373E+07 26.3385 1.00000
  5.623E+09 5.623E+09 4.115E+00 2.650E+01 5.919E+02 1.293E+03 1.911E+03 1.915E+03 2.407E+07 26.5688 1.00000
  6.310E+09 6.310E+09 4.133E+00 2.982E+01 6.642E+02 1.479E+03 2.173E+03 2.177E+03 2.441E+07 26.7990 1.00000
  7.079E+09 7.079E+09 4.151E+00 3.354E+01 7.453E+02 1.693E+03 2.472E+03 2.476E+03 2.474E+07 27.0293 1.00000
  7.943E+09 7.943E+09 4.170E+00 3.773E+01 8.364E+02 1.938E+03 2.812E+03 2.816E+03 2.507E+07 27.2595 1.00000
  8.913E+09 8.913E+09 4.189E+00 4.243E+01 9.385E+02 2.218E+03 3.199E+03 3.204E+03 2.539E+07 27.4898 1.00000
  1.000E+10 1.000E+10 4.207E+00 4.770E+01 1.053E+03 2.539E+03 3.640E+03 3.644E+03 2.571E+07 27.7201 1.00000
  1.122E+10 1.122E+10 4.226E+00 5.363E+01 1.182E+03 2.907E+03 4.143E+03 4.147E+03 2.602E+07 27.9503 1.00000
  1.259E+10 1.259E+10 4.245E+00 6.029E+01 1.326E+03 3.328E+03 4.715E+03 4.719E+03 2.633E+07 28.1806 1.00000
  1.413E+10 1.413E+10 4.264E+00 6.776E+01 1.488E+03 3.811E+03 5.366E+03 5.371E+03 2.664E+07 28.4108 1.00000
  1.585E+10 1.585E+10 4.284E+00 7.616E+01 1.670E+03 4.363E+03 6.109E+03 6.113E+03 2.694E+07 28.6410 1.00000
  1.778E+10 1.778E+10 4.303E+00 8.558E+01 1.873E+03 4.996E+03 6.955E+03 6.959E+03 2.723E+07 28.8712 1.00000
  1.995E+10 1.995E+10 4.322E+00 9.616E+01 2.102E+03 5.721E+03 7.919E+03 7.924E+03 2.752E+07 29.1015 1.00000
  2.239E+10 2.239E+10 4.342E+00 1.080E+02 2.359E+03 6.551E+03 9.018E+03 9.023E+03 2.781E+07 29.3314 1.00000
  2.512E+10 2.512E+10 4.362E+00 1.214E+02 2.647E+03 7.503E+03 1.027E+04 1.028E+04 2.810E+07 29.5616 1.00000
  2.818E+10 2.818E+10 4.381E+00 1.363E+02 2.970E+03 8.593E+03 1.170E+04 1.170E+04 2.837E+07 29.7919 1.00000
  3.162E+10 3.162E+10 4.401E+00 1.531E+02 3.332E+03 9.842E+03 1.333E+04 1.333E+04 2.865E+07 30.0206 1.00000
  3.548E+10 3.548E+10 4.421E+00 1.720E+02 3.739E+03 1.127E+04 1.518E+04 1.519E+04 2.892E+07 30.2509 1.00000
  3.981E+10 3.981E+10 4.442E+00 1.932E+02 4.195E+03 1.291E+04 1.730E+04 1.731E+04 2.919E+07 30.4811 1.00000
  4.467E+10 4.467E+10 4.462E+00 2.169E+02 4.707E+03 1.479E+04 1.972E+04 1.972E+04 2.945E+07 30.7114 1.00000
  5.012E+10 5.012E+10 4.483E+00 2.436E+02 5.282E+03 1.695E+04 2.247E+04 2.248E+04 2.971E+07 30.9352 1.00000
  5.623E+10 5.623E+10 4.503E+00 2.735E+02 5.927E+03 1.942E+04 2.562E+04 2.562E+04 2.996E+07 31.1654 1.00000
  6.310E+10 6.310E+10 4.524E+00 3.071E+02 6.650E+03 2.225E+04 2.920E+04 2.921E+04 3.021E+07 31.3957 1.00000
  7.079E+10 7.079E+10 4.547E+00 3.448E+02 7.461E+03 2.549E+04 3.330E+04 3.330E+04 3.046E+07 31.5968 1.00000
  7.943E+10 7.943E+10 4.568E+00 3.870E+02 8.372E+03 2.921E+04 3.797E+04 3.797E+04 3.070E+07 31.8270 1.00000
  8.913E+10 8.913E+10 4.589E+00 4.345E+02 9.394E+03 3.347E+04 4.330E+04 4.330E+04 3.094E+07 32.0573 1.00000
  1.000E+11 1.000E+11 4.610E+00 4.878E+02 1.054E+04 3.836E+04 4.938E+04 4.939E+04 3.118E+07 32.2876 1.00000
  1.122E+11 1.122E+11 4.631E+00 5.475E+02 1.183E+04 4.396E+04 5.633E+04 5.634E+04 3.141E+07 32.5178 1.00000
  1.259E+11 1.259E+11 4.665E+00 6.146E+02 1.327E+04 5.038E+04 6.427E+04 6.427E+04 3.164E+07 32.5926 1.00000
  1.413E+11 1.413E+11 4.687E+00 6.899E+02 1.489E+04 5.775E+04 7.332E+04 7.333E+04 3.186E+07 32.8229 1.00000
  1.585E+11 1.585E+11 4.708E+00 7.743E+02 1.671E+04 6.619E+04 8.367E+04 8.367E+04 3.208E+07 33.0531 1.00000
  1.778E+11 1.778E+11 4.730E+00 8.691E+02 1.874E+04 7.587E+04 9.549E+04 9.549E+04 3.230E+07 33.2834 1.00000
  1.995E+11 1.995E+11 4.751E+00 9.754E+02 2.103E+04 8.698E+04 1.090E+05 1.090E+05 3.251E+07 33.5136 1.00000
  2.239E+11 2.239E+11 4.773E+00 1.095E+03 2.360E+04 9.971E+04 1.244E+05 1.244E+05 3.272E+07 33.7439 1.00000
  2.512E+11 2.512E+11 4.795E+00 1.229E+03 2.648E+04 1.143E+05 1.420E+05 1.420E+05 3.292E+07 33.9742 1.00000
  2.818E+11 2.818E+11 4.817E+00 1.379E+03 2.971E+04 1.311E+05 1.622E+05 1.622E+05 3.313E+07 34.2044 1.00000
  3.162E+11 3.162E+11 4.840E+00 1.547E+03 3.333E+04 1.503E+05 1.852E+05 1.852E+05 3.332E+07 34.4347 1.00000
  3.548E+11 3.548E+11 4.862E+00 1.737E+03 3.740E+04 1.723E+05 2.115E+05 2.115E+05 3.352E+07 34.6649 1.00000
  3.981E+11 3.981E+11 4.885E+00 1.949E+03 4.196E+04 1.976E+05 2.415E+05 2.415E+05 3.371E+07 34.8952 1.00000
  4.467E+11 4.467E+11 4.907E+00 2.187E+03 4.708E+04 2.266E+05 2.759E+05 2.759E+05 3.390E+07 35.1255 1.00000
  5.012E+11 5.012E+11 4.930E+00 2.454E+03 5.283E+04 2.599E+05 3.152E+05 3.152E+05 3.408E+07 35.3557 1.00000
  5.623E+11 5.623E+11 4.953E+00 2.754E+03 5.928E+04 2.981E+05 3.601E+05 3.601E+05 3.426E+07 35.5860 1.00000
  6.310E+11 6.310E+11 4.976E+00 3.090E+03 6.651E+04 3.419E+05 4.115E+05 4.115E+05 3.444E+07 35.8162 1.00000
  7.079E+11 7.079E+11 4.999E+00 3.468E+03 7.462E+04 3.922E+05 4.703E+05 4.703E+05 3.462E+07 36.0465 1.00000
  7.943E+11 7.943E+11 5.022E+00 3.891E+03 8.373E+04 4.498E+05 5.375E+05 5.375E+05 3.479E+07 36.2767 1.00000
  8.913E+11 8.913E+11 5.046E+00 4.366E+03 9.395E+04 5.160E+05 6.144E+05 6.144E+05 3.496E+07 36.5070 1.00000
  1.000E+12 1.000E+12 5.069E+00 4.900E+03 1.054E+05 5.920E+05 7.023E+05 7.023E+05 3.512E+07 36.7373 1.00000
  1.122E+12 1.122E+12 5.093E+00 5.498E+03 1.183E+05 6.792E+05 8.030E+05 8.030E+05 3.529E+07 36.9675 1.00000
  1.259E+12 1.259E+12 5.117E+00 6.169E+03 1.327E+05 7.793E+05 9.181E+05 9.181E+05 3.544E+07 37.1978 1.00000
  1.413E+12 1.413E+12 5.140E+00 6.922E+03 1.489E+05 8.941E+05 1.050E+06 1.050E+06 3.560E+07 37.4280 1.00000
  1.585E+12 1.585E+12 5.164E+00 7.767E+03 1.671E+05 1.026E+06 1.201E+06 1.201E+06 3.575E+07 37.6583 1.00000
  1.778E+12 1.778E+12 5.189E+00 8.716E+03 1.874E+05 1.177E+06 1.373E+06 1.373E+06 3.591E+07 37.8886 1.00000
  1.995E+12 1.995E+12 5.213E+00 9.780E+03 2.103E+05 1.351E+06 1.571E+06 1.571E+06 3.605E+07 38.1188 1.00000
  2.239E+12 2.239E+12 5.237E+00 1.097E+04 2.360E+05 1.550E+06 1.797E+06 1.797E+06 3.620E+07 38.3491 1.00000
  2.512E+12 2.512E+12 5.262E+00 1.231E+04 2.648E+05 1.779E+06 2.057E+06 2.057E+06 3.634E+07 38.5793 1.00000
  2.818E+12 2.818E+12 5.287E+00 1.382E+04 2.971E+05 2.042E+06 2.353E+06 2.353E+06 3.648E+07 38.8096 1.00000
  3.162E+12 3.162E+12 5.312E+00 1.550E+04 3.333E+05 2.344E+06 2.693E+06 2.693E+06 3.662E+07 39.0399 1.00000
  3.548E+12 3.548E+12 5.337E+00 1.739E+04 3.740E+05 2.691E+06 3.082E+06 3.082E+06 3.675E+07 39.2701 1.00000
  3.981E+12 3.981E+12 5.362E+00 1.952E+04 4.196E+05 3.089E+06 3.528E+06 3.528E+06 3.688E+07 39.5004 1.00000
  4.467E+12 4.467E+12 5.387E+00 2.190E+04 4.708E+05 3.546E+06 4.039E+06 4.039E+06 3.701E+07 39.7306 1.00000
  5.012E+12 5.012E+12 5.412E+00 2.457E+04 5.283E+05 4.071E+06 4.624E+06 4.624E+06 3.714E+07 39.9609 1.00000
  5.623E+12 5.623E+12 5.438E+00 2.757E+04 5.927E+05 4.674E+06 5.294E+06 5.294E+06 3.726E+07 40.1911 1.00000
  6.310E+12 6.310E+12 5.464E+00 3.093E+04 6.651E+05 5.366E+06 6.062E+06 6.062E+06 3.738E+07 40.4214 1.00000
  7.079E+12 7.079E+12 5.489E+00 3.471E+04 7.462E+05 6.161E+06 6.942E+06 6.942E+06 3.750E+07 40.6517 1.00000
  7.943E+12 7.943E+12 5.515E+00 3.894E+04 8.373E+05 7.075E+06 7.951E+06 7.951E+06 3.761E+07 40.8819 1.00000
  8.913E+12 8.913E+12 5.541E+00 4.370E+04 9.394E+05 8.124E+06 9.107E+06 9.107E+06 3.773E+07 41.1122 1.00000
  1.000E+13 1.000E+13 5.568E+00 4.903E+04 1.054E+06 9.329E+06 1.043E+07 1.043E+07 3.784E+07 41.3424 1.00000
  1.122E+13 1.122E+13 5.594E+00 5.501E+04 1.183E+06 1.071E+07 1.195E+07 1.195E+07 3.795E+07 41.5727 1.00000
  1.259E+13 1.259E+13 5.621E+00 6.173E+04 1.327E+06 1.231E+07 1.369E+07 1.369E+07 3.806E+07 41.8030 1.00000
  1.413E+13 1.413E+13 5.647E+00 6.926E+04 1.489E+06 1.413E+07 1.569E+07 1.569E+07 3.816E+07 42.0332 1.00000
  1.585E+13 1.585E+13 5.674E+00 7.771E+04 1.671E+06 1.623E+07 1.798E+07 1.798E+07 3.826E+07 42.2635 1.00000
  1.778E+13 1.778E+13 5.701E+00 8.719E+04 1.874E+06 1.865E+07 2.061E+07 2.061E+07 3.836E+07 42.4937 1.00000
  1.995E+13 1.995E+13 5.728E+00 9.783E+04 2.103E+06 2.142E+07 2.362E+07 2.362E+07 3.846E+07 42.7240 1.00000
  2.239E+13 2.239E+13 5.755E+00 1.098E+05 2.360E+06 2.461E+07 2.708E+07 2.708E+07 3.856E+07 42.9542 1.00000
  2.512E+13 2.512E+13 5.783E+00 1.232E+05 2.648E+06 2.827E+07 3.104E+07 3.104E+07 3.865E+07 43.1845 1.00000
  2.818E+13 2.818E+13 5.810E+00 1.382E+05 2.971E+06 3.248E+07 3.558E+07 3.558E+07 3.874E+07 43.4148 1.00000
  3.162E+13 3.162E+13 5.838E+00 1.551E+05 3.333E+06 3.731E+07 4.080E+07 4.080E+07 3.883E+07 43.6450 1.00000
  3.548E+13 3.548E+13 5.866E+00 1.740E+05 3.740E+06 4.287E+07 4.679E+07 4.679E+07 3.892E+07 43.8753 1.00000
  3.981E+13 3.981E+13 5.894E+00 1.952E+05 4.196E+06 4.926E+07 5.365E+07 5.365E+07 3.901E+07 44.1055 1.00000
  4.467E+13 4.467E+13 5.922E+00 2.190E+05 4.708E+06 5.661E+07 6.153E+07 6.153E+07 3.909E+07 44.3358 1.00000
  5.012E+13 5.012E+13 5.950E+00 2.457E+05 5.282E+06 6.505E+07 7.058E+07 7.058E+07 3.918E+07 44.5661 1.00000
  5.623E+13 5.623E+13 5.979E+00 2.757E+05 5.927E+06 7.475E+07 8.096E+07 8.096E+07 3.926E+07 44.7963 1.00000
  6.310E+13 6.310E+13 6.007E+00 3.094E+05 6.650E+06 8.591E+07 9.287E+07 9.287E+07 3.934E+07 45.0266 1.00000
  7.079E+13 7.079E+13 6.036E+00 3.471E+05 7.462E+06 9.874E+07 1.065E+08 1.065E+08 3.941E+07 45.2568 1.00000
  7.943E+13 7.943E+13 6.065E+00 3.895E+05 8.372E+06 1.135E+08 1.222E+08 1.222E+08 3.949E+07 45.4871 1.00000
  8.913E+13 8.913E+13 6.094E+00 4.370E+05 9.393E+06 1.304E+08 1.403E+08 1.403E+08 3.956E+07 45.7173 1.00000
  1.000E+14 1.000E+14 6.123E+00 4.903E+05 1.054E+07 1.499E+08 1.610E+08 1.610E+08 3.964E+07 45.9476 1.00000
  1.122E+14 1.122E+14 6.153E+00 5.502E+05 1.183E+07 1.724E+08 1.847E+08 1.847E+08 3.971E+07 46.1779 1.00000
  1.259E+14 1.259E+14 6.182E+00 6.173E+05 1.327E+07 1.981E+08 2.120E+08 2.120E+08 3.978E+07 46.4081 1.00000
  1.413E+14 1.413E+14 6.212E+00 6.926E+05 1.489E+07 2.278E+08 2.434E+08 2.434E+08 3.984E+07 46.6384 1.00000
  1.585E+14 1.585E+14 6.242E+00 7.771E+05 1.670E+07 2.619E+08 2.794E+08 2.794E+08 3.991E+07 46.8686 1.00000
  1.778E+14 1.778E+14 6.272E+00 8.720E+05 1.874E+07 3.011E+08 3.207E+08 3.207E+08 3.997E+07 47.0989 1.00000
  1.995E+14 1.995E+14 6.302E+00 9.783E+05 2.103E+07 3.462E+08 3.682E+08 3.682E+08 4.004E+07 47.3292 1.00000
  2.239E+14 2.239E+14 6.332E+00 1.098E+06 2.359E+07 3.980E+08 4.227E+08 4.227E+08 4.010E+07 47.5594 1.00000
  2.512E+14 2.512E+14 6.363E+00 1.232E+06 2.647E+07 4.577E+08 4.854E+08 4.854E+08 4.016E+07 47.7897 1.00000
  2.818E+14 2.818E+14 6.393E+00 1.382E+06 2.970E+07 5.263E+08 5.574E+08 5.574E+08 4.022E+07 48.0199 1.00000
  3.162E+14 3.162E+14 6.424E+00 1.551E+06 3.333E+07 6.053E+08 6.401E+08 6.401E+08 4.028E+07 48.2502 1.00000
  3.548E+14 3.548E+14 6.455E+00 1.740E+06 3.739E+07 6.961E+08 7.352E+08 7.352E+08 4.033E+07 48.4804 1.00000
  3.981E+14 3.981E+14 6.486E+00 1.952E+06 4.196E+07 8.005E+08 8.444E+08 8.444E+08 4.039E+07 48.7107 1.00000
  4.467E+14 4.467E+14 6.518E+00 2.190E+06 4.708E+07 9.207E+08 9.700E+08 9.700E+08 4.044E+07 48.9410 1.00000
  5.012E+14 5.012E+14 6.549E+00 2.458E+06 5.282E+07 1.059E+09 1.114E+09 1.114E+09 4.049E+07 49.1712 1.00000
  5.623E+14 5.623E+14 6.581E+00 2.757E+06 5.926E+07 1.218E+09 1.280E+09 1.280E+09 4.054E+07 49.4015 1.00000
  6.310E+14 6.310E+14 6.612E+00 3.094E+06 6.649E+07 1.401E+09 1.471E+09 1.471E+09 4.059E+07 49.6317 1.00000
  7.079E+14 7.079E+14 6.644E+00 3.471E+06 7.461E+07 1.612E+09 1.690E+09 1.690E+09 4.064E+07 49.8620 1.00000
  7.943E+14 7.943E+14 6.676E+00 3.895E+06 8.371E+07 1.854E+09 1.942E+09 1.942E+09 4.069E+07 50.0923 1.00000
  8.913E+14 8.913E+14 6.709E+00 4.370E+06 9.392E+07 2.133E+09 2.231E+09 2.231E+09 4.074E+07 50.3225 1.00000
  1.000E+15 1.000E+15 6.741E+00 4.903E+06 1.054E+08 2.454E+09 2.564E+09 2.564E+09 4.078E+07 50.5528 1.00000
