 Incident particle is a Tau with M = 1776.82000 MeV
 Index = 2: Air
      Absorber with <Z/A> = 0.49919
 Density effect computed following Fano (1963)
 Models for Radloss: brems =  SSR, pair =  SSR, photonuc = DRSS

 *** Table generated with PUMAS v1.1 ***

      T         p     Ionization  brems     pair     photonuc  Radloss    dE/dx   CSDA Range  delta   beta
    [MeV]    [MeV/c]  -----------------------[MeV cm^2/g]------------------------  [g/cm^2]
  1.000E+05 1.018E+05 2.537E+00 4.119E-05 2.245E-03 6.681E-03 8.967E-03 2.546E+00 1.964E+04  0.0015 0.99985
  1.122E+05 1.140E+05 2.571E+00 4.984E-05 2.708E-03 7.570E-03 1.033E-02 2.581E+00 2.439E+04  0.0209 0.99988
  1.259E+05 1.277E+05 2.603E+00 6.020E-05 3.256E-03 8.559E-03 1.188E-02 2.615E+00 2.966E+04  0.0608 0.99990
  1.413E+05 1.430E+05 2.634E+00 7.258E-05 3.901E-03 9.651E-03 1.362E-02 2.648E+00 3.550E+04  0.1188 0.99992
  1.585E+05 1.603E+05 2.664E+00 8.736E-05 4.659E-03 1.089E-02 1.564E-02 2.680E+00 4.197E+04  0.1932 0.99994
  1.778E+05 1.796E+05 2.693E+00 1.049E-04 5.549E-03 1.226E-02 1.792E-02 2.711E+00 4.914E+04  0.2820 0.99995
  1.995E+05 2.013E+05 2.721E+00 1.258E-04 6.591E-03 1.382E-02 2.053E-02 2.741E+00 5.710E+04  0.3835 0.99996
  2.239E+05 2.256E+05 2.748E+00 1.506E-04 7.809E-03 1.554E-02 2.350E-02 2.771E+00 6.593E+04  0.4960 0.99997
  2.512E+05 2.530E+05 2.774E+00 1.799E-04 9.230E-03 1.746E-02 2.687E-02 2.801E+00 7.574E+04  0.6182 0.99998
  2.818E+05 2.836E+05 2.800E+00 2.145E-04 1.089E-02 1.964E-02 3.074E-02 2.830E+00 8.662E+04  0.7486 0.99998
  3.162E+05 3.180E+05 2.825E+00 2.553E-04 1.281E-02 2.209E-02 3.515E-02 2.860E+00 9.871E+04  0.8860 0.99998
  3.548E+05 3.566E+05 2.850E+00 3.034E-04 1.505E-02 2.483E-02 4.018E-02 2.890E+00 1.121E+05  1.0293 0.99999
  3.981E+05 3.999E+05 2.874E+00 3.598E-04 1.764E-02 2.789E-02 4.589E-02 2.920E+00 1.270E+05  1.1777 0.99999
  4.467E+05 4.485E+05 2.898E+00 4.260E-04 2.064E-02 3.135E-02 5.242E-02 2.950E+00 1.436E+05  1.3304 0.99999
  5.012E+05 5.030E+05 2.922E+00 5.034E-04 2.412E-02 3.521E-02 5.983E-02 2.981E+00 1.620E+05  1.4870 0.99999
  5.623E+05 5.641E+05 2.945E+00 5.941E-04 2.813E-02 3.958E-02 6.830E-02 3.013E+00 1.824E+05  1.6469 1.00000
  6.310E+05 6.327E+05 2.968E+00 6.999E-04 3.275E-02 4.452E-02 7.797E-02 3.046E+00 2.050E+05  1.8100 1.00000
  7.079E+05 7.097E+05 2.991E+00 8.233E-04 3.808E-02 5.009E-02 8.899E-02 3.080E+00 2.301E+05  1.9760 1.00000
  7.943E+05 7.961E+05 3.013E+00 9.671E-04 4.421E-02 5.636E-02 1.015E-01 3.115E+00 2.580E+05  2.1450 1.00000
  8.913E+05 8.930E+05 3.036E+00 1.134E-03 5.125E-02 6.342E-02 1.158E-01 3.151E+00 2.890E+05  2.3170 1.00000
  1.000E+06 1.002E+06 3.057E+00 1.329E-03 5.934E-02 7.144E-02 1.321E-01 3.190E+00 3.233E+05  2.4921 1.00000
  1.122E+06 1.124E+06 3.079E+00 1.554E-03 6.861E-02 8.045E-02 1.506E-01 3.230E+00 3.613E+05  2.6706 1.00000
  1.259E+06 1.261E+06 3.100E+00 1.815E-03 7.922E-02 9.071E-02 1.718E-01 3.272E+00 4.034E+05  2.8527 1.00000
  1.413E+06 1.414E+06 3.121E+00 2.118E-03 9.137E-02 1.023E-01 1.958E-01 3.317E+00 4.500E+05  3.0387 1.00000
  1.585E+06 1.587E+06 3.141E+00 2.468E-03 1.053E-01 1.154E-01 2.232E-01 3.365E+00 5.016E+05  3.2286 1.00000
  1.778E+06 1.780E+06 3.161E+00 2.872E-03 1.211E-01 1.303E-01 2.543E-01 3.416E+00 5.586E+05  3.4227 1.00000
  1.995E+06 1.997E+06 3.181E+00 3.337E-03 1.392E-01 1.472E-01 2.897E-01 3.470E+00 6.217E+05  3.6210 1.00000
  2.239E+06 2.240E+06 3.200E+00 3.877E-03 1.598E-01 1.664E-01 3.300E-01 3.530E+00 6.912E+05  3.8234 1.00000
  2.512E+06 2.514E+06 3.218E+00 4.500E-03 1.832E-01 1.881E-01 3.758E-01 3.594E+00 7.679E+05  4.0296 1.00000
  2.818E+06 2.820E+06 3.237E+00 5.216E-03 2.099E-01 2.128E-01 4.280E-01 3.665E+00 8.524E+05  4.2393 1.00000
  3.162E+06 3.164E+06 3.254E+00 6.039E-03 2.403E-01 2.409E-01 4.872E-01 3.742E+00 9.452E+05  4.4523 1.00000
  3.548E+06 3.550E+06 3.272E+00 6.985E-03 2.747E-01 2.728E-01 5.545E-01 3.826E+00 1.047E+06  4.6682 1.00000
  3.981E+06 3.983E+06 3.289E+00 8.072E-03 3.138E-01 3.091E-01 6.310E-01 3.920E+00 1.159E+06  4.8865 1.00000
  4.467E+06 4.469E+06 3.306E+00 9.319E-03 3.582E-01 3.503E-01 7.178E-01 4.024E+00 1.281E+06  5.1069 1.00000
  5.012E+06 5.014E+06 3.322E+00 1.076E-02 4.084E-01 3.973E-01 8.165E-01 4.139E+00 1.415E+06  5.3291 1.00000
  5.623E+06 5.625E+06 3.338E+00 1.241E-02 4.653E-01 4.508E-01 9.285E-01 4.267E+00 1.560E+06  5.5528 1.00000
  6.310E+06 6.311E+06 3.354E+00 1.430E-02 5.297E-01 5.117E-01 1.056E+00 4.410E+00 1.719E+06  5.7777 1.00000
  7.079E+06 7.081E+06 3.370E+00 1.646E-02 6.026E-01 5.811E-01 1.200E+00 4.570E+00 1.890E+06  6.0036 1.00000
  7.943E+06 7.945E+06 3.386E+00 1.894E-02 6.850E-01 6.601E-01 1.364E+00 4.749E+00 2.075E+06  6.2303 1.00000
  8.913E+06 8.914E+06 3.401E+00 2.178E-02 7.781E-01 7.501E-01 1.550E+00 4.951E+00 2.275E+06  6.4577 1.00000
  1.000E+07 1.000E+07 3.416E+00 2.502E-02 8.832E-01 8.526E-01 1.761E+00 5.177E+00 2.490E+06  6.6857 1.00000
  1.122E+07 1.122E+07 3.431E+00 2.873E-02 1.002E+00 9.696E-01 2.000E+00 5.431E+00 2.720E+06  6.9140 1.00000
  1.259E+07 1.259E+07 3.446E+00 3.296E-02 1.136E+00 1.103E+00 2.272E+00 5.717E+00 2.966E+06  7.1428 1.00000
  1.413E+07 1.413E+07 3.460E+00 3.780E-02 1.287E+00 1.255E+00 2.580E+00 6.040E+00 3.227E+06  7.3718 1.00000
  1.585E+07 1.585E+07 3.475E+00 4.332E-02 1.457E+00 1.428E+00 2.929E+00 6.404E+00 3.504E+06  7.6011 1.00000
  1.778E+07 1.778E+07 3.489E+00 4.962E-02 1.649E+00 1.626E+00 3.325E+00 6.814E+00 3.797E+06  7.8305 1.00000
  1.995E+07 1.995E+07 3.503E+00 5.680E-02 1.866E+00 1.852E+00 3.774E+00 7.278E+00 4.105E+06  8.0601 1.00000
  2.239E+07 2.239E+07 3.518E+00 6.499E-02 2.109E+00 2.109E+00 4.283E+00 7.801E+00 4.428E+06  8.2899 1.00000
  2.512E+07 2.512E+07 3.532E+00 7.433E-02 2.384E+00 2.403E+00 4.861E+00 8.393E+00 4.766E+06  8.5197 1.00000
  2.818E+07 2.819E+07 3.546E+00 8.497E-02 2.692E+00 2.738E+00 5.515E+00 9.061E+00 5.117E+06  8.7496 1.00000
  3.162E+07 3.162E+07 3.560E+00 9.709E-02 3.040E+00 3.121E+00 6.258E+00 9.818E+00 5.482E+06  8.9796 1.00000
  3.548E+07 3.548E+07 3.574E+00 1.109E-01 3.431E+00 3.558E+00 7.099E+00 1.067E+01 5.859E+06  9.2096 1.00000
  3.981E+07 3.981E+07 3.588E+00 1.266E-01 3.871E+00 4.056E+00 8.054E+00 1.164E+01 6.247E+06  9.4397 1.00000
  4.467E+07 4.467E+07 3.602E+00 1.444E-01 4.365E+00 4.626E+00 9.136E+00 1.274E+01 6.646E+06  9.6698 1.00000
  5.012E+07 5.012E+07 3.615E+00 1.647E-01 4.921E+00 5.276E+00 1.036E+01 1.398E+01 7.054E+06  9.9000 1.00000
  5.623E+07 5.624E+07 3.629E+00 1.877E-01 5.547E+00 6.019E+00 1.175E+01 1.538E+01 7.471E+06 10.1301 1.00000
  6.310E+07 6.310E+07 3.643E+00 2.138E-01 6.249E+00 6.867E+00 1.333E+01 1.697E+01 7.895E+06 10.3603 1.00000
  7.079E+07 7.080E+07 3.657E+00 2.435E-01 7.039E+00 7.835E+00 1.512E+01 1.877E+01 8.327E+06 10.5905 1.00000
  7.943E+07 7.943E+07 3.671E+00 2.772E-01 7.926E+00 8.942E+00 1.715E+01 2.082E+01 8.763E+06 10.8207 1.00000
  8.913E+07 8.913E+07 3.685E+00 3.154E-01 8.923E+00 1.021E+01 1.944E+01 2.313E+01 9.205E+06 11.0510 1.00000
  1.000E+08 1.000E+08 3.699E+00 3.587E-01 1.004E+01 1.165E+01 2.205E+01 2.575E+01 9.650E+06 11.2812 1.00000
  1.122E+08 1.122E+08 3.713E+00 4.078E-01 1.130E+01 1.330E+01 2.501E+01 2.872E+01 1.010E+07 11.5114 1.00000
  1.259E+08 1.259E+08 3.727E+00 4.634E-01 1.271E+01 1.518E+01 2.836E+01 3.209E+01 1.055E+07 11.7417 1.00000
  1.413E+08 1.413E+08 3.741E+00 5.263E-01 1.430E+01 1.734E+01 3.217E+01 3.591E+01 1.100E+07 11.9719 1.00000
  1.585E+08 1.585E+08 3.755E+00 5.976E-01 1.608E+01 1.980E+01 3.648E+01 4.024E+01 1.146E+07 12.2021 1.00000
  1.778E+08 1.778E+08 3.769E+00 6.783E-01 1.808E+01 2.261E+01 4.137E+01 4.514E+01 1.191E+07 12.4324 1.00000
  1.995E+08 1.995E+08 3.783E+00 7.695E-01 2.033E+01 2.583E+01 4.693E+01 5.071E+01 1.236E+07 12.6626 1.00000
  2.239E+08 2.239E+08 3.797E+00 8.727E-01 2.285E+01 2.951E+01 5.323E+01 5.703E+01 1.281E+07 12.8929 1.00000
  2.512E+08 2.512E+08 3.812E+00 9.894E-01 2.568E+01 3.371E+01 6.038E+01 6.419E+01 1.327E+07 13.1231 1.00000
  2.818E+08 2.818E+08 3.826E+00 1.121E+00 2.886E+01 3.851E+01 6.849E+01 7.232E+01 1.372E+07 13.3534 1.00000
  3.162E+08 3.162E+08 3.840E+00 1.270E+00 3.243E+01 4.400E+01 7.770E+01 8.154E+01 1.416E+07 13.5837 1.00000
  3.548E+08 3.548E+08 3.855E+00 1.438E+00 3.643E+01 5.028E+01 8.815E+01 9.200E+01 1.461E+07 13.8139 1.00000
  3.981E+08 3.981E+08 3.870E+00 1.628E+00 4.092E+01 5.745E+01 1.000E+02 1.039E+02 1.505E+07 14.0442 1.00000
  4.467E+08 4.467E+08 3.884E+00 1.843E+00 4.597E+01 6.566E+01 1.135E+02 1.174E+02 1.549E+07 14.2744 1.00000
  5.012E+08 5.012E+08 3.899E+00 2.084E+00 5.163E+01 7.505E+01 1.288E+02 1.327E+02 1.593E+07 14.5047 1.00000
  5.623E+08 5.623E+08 3.914E+00 2.357E+00 5.798E+01 8.578E+01 1.461E+02 1.500E+02 1.636E+07 14.7349 1.00000
  6.310E+08 6.310E+08 3.928E+00 2.665E+00 6.511E+01 9.805E+01 1.658E+02 1.698E+02 1.679E+07 14.9652 1.00000
  7.079E+08 7.079E+08 3.943E+00 3.012E+00 7.312E+01 1.121E+02 1.882E+02 1.922E+02 1.722E+07 15.1954 1.00000
  7.943E+08 7.943E+08 3.958E+00 3.403E+00 8.210E+01 1.281E+02 2.136E+02 2.176E+02 1.764E+07 15.4257 1.00000
  8.913E+08 8.913E+08 3.973E+00 3.843E+00 9.218E+01 1.465E+02 2.425E+02 2.465E+02 1.806E+07 15.6560 1.00000
  1.000E+09 1.000E+09 3.988E+00 4.339E+00 1.035E+02 1.675E+02 2.753E+02 2.793E+02 1.847E+07 15.8862 1.00000
  1.122E+09 1.122E+09 4.004E+00 4.898E+00 1.162E+02 1.915E+02 3.126E+02 3.166E+02 1.888E+07 16.1165 1.00000
  1.259E+09 1.259E+09 4.019E+00 5.527E+00 1.304E+02 2.190E+02 3.550E+02 3.590E+02 1.929E+07 16.3467 1.00000
  1.413E+09 1.413E+09 4.034E+00 6.236E+00 1.464E+02 2.505E+02 4.031E+02 4.072E+02 1.969E+07 16.5770 1.00000
  1.585E+09 1.585E+09 4.050E+00 7.033E+00 1.643E+02 2.865E+02 4.578E+02 4.619E+02 2.009E+07 16.8073 1.00000
  1.778E+09 1.778E+09 4.065E+00 7.930E+00 1.845E+02 3.277E+02 5.200E+02 5.241E+02 2.048E+07 17.0375 1.00000
  1.995E+09 1.995E+09 4.081E+00 8.940E+00 2.070E+02 3.748E+02 5.908E+02 5.948E+02 2.087E+07 17.2678 1.00000
  2.239E+09 2.239E+09 4.097E+00 1.008E+01 2.324E+02 4.287E+02 6.712E+02 6.752E+02 2.125E+07 17.4980 1.00000
  2.512E+09 2.512E+09 4.113E+00 1.135E+01 2.608E+02 4.904E+02 7.626E+02 7.667E+02 2.163E+07 17.7283 1.00000
  2.818E+09 2.818E+09 4.128E+00 1.279E+01 2.927E+02 5.610E+02 8.665E+02 8.707E+02 2.201E+07 17.9585 1.00000
  3.162E+09 3.162E+09 4.144E+00 1.440E+01 3.285E+02 6.419E+02 9.848E+02 9.889E+02 2.238E+07 18.1888 1.00000
  3.548E+09 3.548E+09 4.160E+00 1.622E+01 3.687E+02 7.344E+02 1.119E+03 1.123E+03 2.274E+07 18.4191 1.00000
  3.981E+09 3.981E+09 4.177E+00 1.826E+01 4.137E+02 8.403E+02 1.272E+03 1.276E+03 2.310E+07 18.6493 1.00000
  4.467E+09 4.467E+09 4.193E+00 2.055E+01 4.643E+02 9.615E+02 1.446E+03 1.451E+03 2.346E+07 18.8796 1.00000
  5.012E+09 5.012E+09 4.209E+00 2.313E+01 5.211E+02 1.100E+03 1.645E+03 1.649E+03 2.381E+07 19.1098 1.00000
  5.623E+09 5.623E+09 4.226E+00 2.603E+01 5.847E+02 1.259E+03 1.870E+03 1.874E+03 2.416E+07 19.3401 1.00000
  6.310E+09 6.310E+09 4.242E+00 2.928E+01 6.562E+02 1.441E+03 2.127E+03 2.131E+03 2.450E+07 19.5704 1.00000
  7.079E+09 7.079E+09 4.259E+00 3.293E+01 7.363E+02 1.649E+03 2.419E+03 2.423E+03 2.484E+07 19.8006 1.00000
  7.943E+09 7.943E+09 4.275E+00 3.704E+01 8.263E+02 1.888E+03 2.751E+03 2.756E+03 2.518E+07 20.0309 1.00000
  8.913E+09 8.913E+09 4.292E+00 4.165E+01 9.272E+02 2.161E+03 3.130E+03 3.134E+03 2.551E+07 20.2611 1.00000
  1.000E+10 1.000E+10 4.309E+00 4.683E+01 1.040E+03 2.474E+03 3.561E+03 3.565E+03 2.583E+07 20.4914 1.00000
  1.122E+10 1.122E+10 4.326E+00 5.265E+01 1.167E+03 2.832E+03 4.052E+03 4.056E+03 2.615E+07 20.7216 1.00000
  1.259E+10 1.259E+10 4.343E+00 5.918E+01 1.310E+03 3.242E+03 4.611E+03 4.616E+03 2.647E+07 20.9519 1.00000
  1.413E+10 1.413E+10 4.360E+00 6.651E+01 1.470E+03 3.712E+03 5.249E+03 5.253E+03 2.678E+07 21.1821 1.00000
  1.585E+10 1.585E+10 4.378E+00 7.475E+01 1.649E+03 4.250E+03 5.975E+03 5.979E+03 2.709E+07 21.4123 1.00000
  1.778E+10 1.778E+10 4.395E+00 8.399E+01 1.851E+03 4.867E+03 6.802E+03 6.806E+03 2.739E+07 21.6426 1.00000
  1.995E+10 1.995E+10 4.413E+00 9.437E+01 2.077E+03 5.573E+03 7.744E+03 7.749E+03 2.769E+07 21.8728 1.00000
  2.239E+10 2.239E+10 4.430E+00 1.060E+02 2.330E+03 6.382E+03 8.819E+03 8.823E+03 2.798E+07 22.1027 1.00000
  2.512E+10 2.512E+10 4.448E+00 1.191E+02 2.615E+03 7.309E+03 1.004E+04 1.005E+04 2.827E+07 22.3330 1.00000
  2.818E+10 2.818E+10 4.466E+00 1.338E+02 2.934E+03 8.371E+03 1.144E+04 1.144E+04 2.856E+07 22.5632 1.00000
  3.162E+10 3.162E+10 4.484E+00 1.503E+02 3.292E+03 9.588E+03 1.303E+04 1.303E+04 2.884E+07 22.7919 1.00000
  3.548E+10 3.548E+10 4.502E+00 1.688E+02 3.694E+03 1.098E+04 1.485E+04 1.485E+04 2.912E+07 23.0222 1.00000
  3.981E+10 3.981E+10 4.520E+00 1.895E+02 4.145E+03 1.258E+04 1.691E+04 1.692E+04 2.939E+07 23.2525 1.00000
  4.467E+10 4.467E+10 4.538E+00 2.128E+02 4.651E+03 1.441E+04 1.927E+04 1.928E+04 2.966E+07 23.4827 1.00000
  5.012E+10 5.012E+10 4.557E+00 2.390E+02 5.218E+03 1.651E+04 2.197E+04 2.197E+04 2.992E+07 23.7065 1.00000
  5.623E+10 5.623E+10 4.575E+00 2.683E+02 5.855E+03 1.891E+04 2.504E+04 2.504E+04 3.018E+07 23.9367 1.00000
  6.310E+10 6.310E+10 4.594E+00 3.013E+02 6.569E+03 2.167E+04 2.854E+04 2.855E+04 3.044E+07 24.1670 1.00000
  7.079E+10 7.079E+10 4.614E+00 3.382E+02 7.371E+03 2.483E+04 3.254E+04 3.255E+04 3.069E+07 24.3681 1.00000
  7.943E+10 7.943E+10 4.633E+00 3.797E+02 8.271E+03 2.845E+04 3.710E+04 3.711E+04 3.094E+07 24.5984 1.00000
  8.913E+10 8.913E+10 4.652E+00 4.263E+02 9.280E+03 3.261E+04 4.231E+04 4.232E+04 3.119E+07 24.8286 1.00000
  1.000E+11 1.000E+11 4.671E+00 4.785E+02 1.041E+04 3.737E+04 4.826E+04 4.826E+04 3.143E+07 25.0589 1.00000
  1.122E+11 1.122E+11 4.690E+00 5.371E+02 1.168E+04 4.282E+04 5.504E+04 5.505E+04 3.166E+07 25.2891 1.00000
  1.259E+11 1.259E+11 4.721E+00 6.029E+02 1.311E+04 4.908E+04 6.279E+04 6.280E+04 3.190E+07 25.3639 1.00000
  1.413E+11 1.413E+11 4.740E+00 6.767E+02 1.471E+04 5.625E+04 7.164E+04 7.164E+04 3.212E+07 25.5942 1.00000
  1.585E+11 1.585E+11 4.759E+00 7.596E+02 1.650E+04 6.448E+04 8.174E+04 8.175E+04 3.235E+07 25.8244 1.00000
  1.778E+11 1.778E+11 4.779E+00 8.525E+02 1.852E+04 7.391E+04 9.328E+04 9.329E+04 3.257E+07 26.0547 1.00000
  1.995E+11 1.995E+11 4.798E+00 9.568E+02 2.078E+04 8.473E+04 1.065E+05 1.065E+05 3.279E+07 26.2850 1.00000
  2.239E+11 2.239E+11 4.818E+00 1.074E+03 2.331E+04 9.714E+04 1.215E+05 1.215E+05 3.300E+07 26.5152 1.00000
  2.512E+11 2.512E+11 4.838E+00 1.205E+03 2.616E+04 1.114E+05 1.387E+05 1.387E+05 3.321E+07 26.7455 1.00000
  2.818E+11 2.818E+11 4.858E+00 1.353E+03 2.935E+04 1.277E+05 1.584E+05 1.584E+05 3.342E+07 26.9757 1.00000
  3.162E+11 3.162E+11 4.878E+00 1.518E+03 3.293E+04 1.464E+05 1.809E+05 1.809E+05 3.362E+07 27.2060 1.00000
  3.548E+11 3.548E+11 4.898E+00 1.703E+03 3.695E+04 1.679E+05 2.065E+05 2.065E+05 3.382E+07 27.4363 1.00000
  3.981E+11 3.981E+11 4.918E+00 1.912E+03 4.146E+04 1.925E+05 2.359E+05 2.359E+05 3.402E+07 27.6665 1.00000
  4.467E+11 4.467E+11 4.939E+00 2.145E+03 4.651E+04 2.208E+05 2.694E+05 2.694E+05 3.421E+07 27.8968 1.00000
  5.012E+11 5.012E+11 4.959E+00 2.407E+03 5.219E+04 2.532E+05 3.078E+05 3.078E+05 3.440E+07 28.1270 1.00000
  5.623E+11 5.623E+11 4.980E+00 2.701E+03 5.856E+04 2.904E+05 3.516E+05 3.517E+05 3.459E+07 28.3573 1.00000
  6.310E+11 6.310E+11 5.000E+00 3.031E+03 6.570E+04 3.331E+05 4.018E+05 4.018E+05 3.477E+07 28.5875 1.00000
  7.079E+11 7.079E+11 5.021E+00 3.401E+03 7.372E+04 3.820E+05 4.592E+05 4.592E+05 3.495E+07 28.8178 1.00000
  7.943E+11 7.943E+11 5.042E+00 3.817E+03 8.272E+04 4.382E+05 5.248E+05 5.248E+05 3.512E+07 29.0481 1.00000
  8.913E+11 8.913E+11 5.063E+00 4.283E+03 9.281E+04 5.027E+05 5.998E+05 5.998E+05 3.530E+07 29.2783 1.00000
  1.000E+12 1.000E+12 5.084E+00 4.806E+03 1.041E+05 5.767E+05 6.857E+05 6.857E+05 3.547E+07 29.5086 1.00000
  1.122E+12 1.122E+12 5.105E+00 5.393E+03 1.168E+05 6.616E+05 7.839E+05 7.839E+05 3.563E+07 29.7388 1.00000
  1.259E+12 1.259E+12 5.127E+00 6.051E+03 1.311E+05 7.591E+05 8.963E+05 8.963E+05 3.579E+07 29.9691 1.00000
  1.413E+12 1.413E+12 5.148E+00 6.790E+03 1.471E+05 8.710E+05 1.025E+06 1.025E+06 3.596E+07 30.1994 1.00000
  1.585E+12 1.585E+12 5.170E+00 7.619E+03 1.650E+05 9.994E+05 1.172E+06 1.172E+06 3.611E+07 30.4296 1.00000
  1.778E+12 1.778E+12 5.192E+00 8.549E+03 1.852E+05 1.147E+06 1.341E+06 1.341E+06 3.627E+07 30.6599 1.00000
  1.995E+12 1.995E+12 5.214E+00 9.592E+03 2.078E+05 1.316E+06 1.533E+06 1.533E+06 3.642E+07 30.8901 1.00000
  2.239E+12 2.239E+12 5.236E+00 1.076E+04 2.331E+05 1.510E+06 1.754E+06 1.754E+06 3.657E+07 31.1204 1.00000
  2.512E+12 2.512E+12 5.258E+00 1.208E+04 2.616E+05 1.733E+06 2.007E+06 2.007E+06 3.671E+07 31.3506 1.00000
  2.818E+12 2.818E+12 5.280E+00 1.355E+04 2.935E+05 1.990E+06 2.297E+06 2.297E+06 3.685E+07 31.5809 1.00000
  3.162E+12 3.162E+12 5.302E+00 1.520E+04 3.293E+05 2.284E+06 2.628E+06 2.628E+06 3.699E+07 31.8112 1.00000
  3.548E+12 3.548E+12 5.325E+00 1.706E+04 3.695E+05 2.621E+06 3.008E+06 3.008E+06 3.713E+07 32.0414 1.00000
  3.981E+12 3.981E+12 5.347E+00 1.914E+04 4.146E+05 3.009E+06 3.443E+06 3.443E+06 3.727E+07 32.2717 1.00000
  4.467E+12 4.467E+12 5.370E+00 2.148E+04 4.651E+05 3.454E+06 3.941E+06 3.941E+06 3.740E+07 32.5019 1.00000
  5.012E+12 5.012E+12 5.393E+00 2.410E+04 5.219E+05 3.966E+06 4.512E+06 4.512E+06 3.753E+07 32.7322 1.00000
  5.623E+12 5.623E+12 5.416E+00 2.704E+04 5.856E+05 4.553E+06 5.165E+06 5.165E+06 3.765E+07 32.9625 1.00000
  6.310E+12 6.310E+12 5.439E+00 3.034E+04 6.570E+05 5.227E+06 5.915E+06 5.915E+06 3.778E+07 33.1927 1.00000
  7.079E+12 7.079E+12 5.462E+00 3.404E+04 7.372E+05 6.002E+06 6.773E+06 6.773E+06 3.790E+07 33.4230 1.00000
  7.943E+12 7.943E+12 5.486E+00 3.820E+04 8.271E+05 6.892E+06 7.757E+06 7.757E+06 3.802E+07 33.6532 1.00000
  8.913E+12 8.913E+12 5.509E+00 4.286E+04 9.281E+05 7.914E+06 8.885E+06 8.885E+06 3.813E+07 33.8835 1.00000
  1.000E+13 1.000E+13 5.533E+00 4.809E+04 1.041E+06 9.088E+06 1.018E+07 1.018E+07 3.825E+07 34.1138 1.00000
  1.122E+13 1.122E+13 5.556E+00 5.396E+04 1.168E+06 1.044E+07 1.166E+07 1.166E+07 3.836E+07 34.3440 1.00000
  1.259E+13 1.259E+13 5.580E+00 6.054E+04 1.311E+06 1.199E+07 1.336E+07 1.336E+07 3.847E+07 34.5743 1.00000
  1.413E+13 1.413E+13 5.604E+00 6.793E+04 1.471E+06 1.377E+07 1.531E+07 1.531E+07 3.858E+07 34.8045 1.00000
  1.585E+13 1.585E+13 5.628E+00 7.622E+04 1.650E+06 1.581E+07 1.754E+07 1.754E+07 3.868E+07 35.0348 1.00000
  1.778E+13 1.778E+13 5.653E+00 8.552E+04 1.852E+06 1.816E+07 2.010E+07 2.010E+07 3.879E+07 35.2650 1.00000
  1.995E+13 1.995E+13 5.677E+00 9.595E+04 2.078E+06 2.087E+07 2.304E+07 2.304E+07 3.889E+07 35.4953 1.00000
  2.239E+13 2.239E+13 5.701E+00 1.077E+05 2.331E+06 2.397E+07 2.641E+07 2.641E+07 3.899E+07 35.7256 1.00000
  2.512E+13 2.512E+13 5.726E+00 1.208E+05 2.616E+06 2.754E+07 3.027E+07 3.027E+07 3.908E+07 35.9558 1.00000
  2.818E+13 2.818E+13 5.751E+00 1.355E+05 2.935E+06 3.164E+07 3.471E+07 3.471E+07 3.918E+07 36.1861 1.00000
  3.162E+13 3.162E+13 5.776E+00 1.521E+05 3.293E+06 3.635E+07 3.979E+07 3.979E+07 3.927E+07 36.4163 1.00000
  3.548E+13 3.548E+13 5.801E+00 1.706E+05 3.694E+06 4.176E+07 4.563E+07 4.563E+07 3.936E+07 36.6466 1.00000
  3.981E+13 3.981E+13 5.826E+00 1.915E+05 4.145E+06 4.799E+07 5.233E+07 5.233E+07 3.945E+07 36.8769 1.00000
  4.467E+13 4.467E+13 5.851E+00 2.148E+05 4.651E+06 5.514E+07 6.001E+07 6.001E+07 3.953E+07 37.1071 1.00000
  5.012E+13 5.012E+13 5.877E+00 2.410E+05 5.219E+06 6.337E+07 6.883E+07 6.883E+07 3.962E+07 37.3374 1.00000
  5.623E+13 5.623E+13 5.902E+00 2.704E+05 5.855E+06 7.282E+07 7.895E+07 7.895E+07 3.970E+07 37.5676 1.00000
  6.310E+13 6.310E+13 5.928E+00 3.034E+05 6.570E+06 8.369E+07 9.056E+07 9.056E+07 3.978E+07 37.7979 1.00000
  7.079E+13 7.079E+13 5.954E+00 3.405E+05 7.371E+06 9.619E+07 1.039E+08 1.039E+08 3.986E+07 38.0281 1.00000
  7.943E+13 7.943E+13 5.980E+00 3.820E+05 8.271E+06 1.106E+08 1.192E+08 1.192E+08 3.994E+07 38.2584 1.00000
  8.913E+13 8.913E+13 6.006E+00 4.286E+05 9.280E+06 1.271E+08 1.368E+08 1.368E+08 4.002E+07 38.4887 1.00000
  1.000E+14 1.000E+14 6.032E+00 4.809E+05 1.041E+07 1.461E+08 1.570E+08 1.570E+08 4.009E+07 38.7189 1.00000
  1.122E+14 1.122E+14 6.059E+00 5.396E+05 1.168E+07 1.679E+08 1.801E+08 1.801E+08 4.016E+07 38.9492 1.00000
  1.259E+14 1.259E+14 6.085E+00 6.055E+05 1.311E+07 1.930E+08 2.067E+08 2.067E+08 4.023E+07 39.1794 1.00000
  1.413E+14 1.413E+14 6.112E+00 6.793E+05 1.471E+07 2.219E+08 2.373E+08 2.373E+08 4.030E+07 39.4097 1.00000
  1.585E+14 1.585E+14 6.139E+00 7.622E+05 1.650E+07 2.551E+08 2.724E+08 2.724E+08 4.037E+07 39.6400 1.00000
  1.778E+14 1.778E+14 6.166E+00 8.552E+05 1.852E+07 2.933E+08 3.127E+08 3.127E+08 4.044E+07 39.8702 1.00000
  1.995E+14 1.995E+14 6.193E+00 9.596E+05 2.077E+07 3.372E+08 3.590E+08 3.590E+08 4.050E+07 40.1005 1.00000
  2.239E+14 2.239E+14 6.220E+00 1.077E+06 2.331E+07 3.878E+08 4.121E+08 4.121E+08 4.057E+07 40.3307 1.00000
  2.512E+14 2.512E+14 6.248E+00 1.208E+06 2.615E+07 4.459E+08 4.732E+08 4.732E+08 4.063E+07 40.5610 1.00000
  2.818E+14 2.818E+14 6.275E+00 1.355E+06 2.934E+07 5.127E+08 5.434E+08 5.434E+08 4.069E+07 40.7912 1.00000
  3.162E+14 3.162E+14 6.303E+00 1.521E+06 3.292E+07 5.896E+08 6.241E+08 6.241E+08 4.075E+07 41.0215 1.00000
  3.548E+14 3.548E+14 6.331E+00 1.706E+06 3.694E+07 6.781E+08 7.167E+08 7.167E+08 4.080E+07 41.2518 1.00000
  3.981E+14 3.981E+14 6.359E+00 1.915E+06 4.145E+07 7.799E+08 8.232E+08 8.232E+08 4.086E+07 41.4820 1.00000
  4.467E+14 4.467E+14 6.387E+00 2.148E+06 4.651E+07 8.969E+08 9.456E+08 9.456E+08 4.092E+07 41.7123 1.00000
  5.012E+14 5.012E+14 6.415E+00 2.410E+06 5.218E+07 1.032E+09 1.086E+09 1.086E+09 4.097E+07 41.9425 1.00000
  5.623E+14 5.623E+14 6.444E+00 2.704E+06 5.855E+07 1.187E+09 1.248E+09 1.248E+09 4.102E+07 42.1728 1.00000
  6.310E+14 6.310E+14 6.472E+00 3.034E+06 6.569E+07 1.365E+09 1.434E+09 1.434E+09 4.107E+07 42.4031 1.00000
  7.079E+14 7.079E+14 6.501E+00 3.405E+06 7.371E+07 1.570E+09 1.647E+09 1.647E+09 4.112E+07 42.6333 1.00000
  7.943E+14 7.943E+14 6.530E+00 3.820E+06 8.270E+07 1.806E+09 1.893E+09 1.893E+09 4.117E+07 42.8636 1.00000
  8.913E+14 8.913E+14 6.559E+00 4.286E+06 9.279E+07 2.078E+09 2.175E+09 2.175E+09 4.122E+07 43.0938 1.00000
  1.000E+15 1.000E+15 6.588E+00 4.809E+06 1.041E+08 2.391E+09 2.499E+09 2.499E+09 4.127E+07 43.3241 1.00000
