 Incident particle is a Tau with M = 1776.82000 MeV
 Index = 0: Rock
      Absorber with <Z/A> = 0.50000
 Density effect computed following Fano (1963)
 Models for Radloss: brems =  SSR, pair =  SSR, photonuc = DRSS

 *** Table generated with PUMAS v1.1 ***

      T         p     Ionization  brems     pair     photonuc  Radloss    dE/dx   CSDA Range  delta   beta
    [MeV]    [MeV/c]  -----------------------[MeV cm^2/g]------------------------  [g/cm^2]
  1.000E+05 1.018E+05 2.129E+00 5.770E-05 3.293E-03 6.596E-03 9.947E-03 2.139E+00 2.338E+04  4.4449 0.99985
  1.122E+05 1.140E+05 2.148E+00 6.981E-05 3.963E-03 7.467E-03 1.150E-02 2.160E+00 2.905E+04  4.6513 0.99988
  1.259E+05 1.277E+05 2.168E+00 8.430E-05 4.754E-03 8.434E-03 1.327E-02 2.181E+00 3.536E+04  4.8602 0.99990
  1.413E+05 1.430E+05 2.187E+00 1.016E-04 5.684E-03 9.501E-03 1.529E-02 2.202E+00 4.237E+04  5.0714 0.99992
  1.585E+05 1.603E+05 2.206E+00 1.223E-04 6.776E-03 1.071E-02 1.761E-02 2.224E+00 5.016E+04  5.2846 0.99994
  1.778E+05 1.796E+05 2.225E+00 1.469E-04 8.057E-03 1.205E-02 2.025E-02 2.246E+00 5.881E+04  5.4994 0.99995
  1.995E+05 2.013E+05 2.244E+00 1.761E-04 9.554E-03 1.356E-02 2.329E-02 2.268E+00 6.843E+04  5.7158 0.99996
  2.239E+05 2.256E+05 2.263E+00 2.107E-04 1.130E-02 1.524E-02 2.675E-02 2.290E+00 7.911E+04  5.9335 0.99997
  2.512E+05 2.530E+05 2.282E+00 2.517E-04 1.334E-02 1.711E-02 3.071E-02 2.313E+00 9.098E+04  6.1525 0.99998
  2.818E+05 2.836E+05 2.301E+00 3.001E-04 1.571E-02 1.922E-02 3.524E-02 2.336E+00 1.042E+05  6.3725 0.99998
  3.162E+05 3.180E+05 2.320E+00 3.571E-04 1.847E-02 2.160E-02 4.043E-02 2.360E+00 1.188E+05  6.5936 0.99998
  3.548E+05 3.566E+05 2.339E+00 4.242E-04 2.167E-02 2.426E-02 4.636E-02 2.385E+00 1.351E+05  6.8157 0.99999
  3.981E+05 3.999E+05 2.357E+00 5.031E-04 2.538E-02 2.723E-02 5.311E-02 2.410E+00 1.531E+05  7.0387 0.99999
  4.467E+05 4.485E+05 2.376E+00 5.956E-04 2.966E-02 3.058E-02 6.084E-02 2.437E+00 1.732E+05  7.2626 0.99999
  5.012E+05 5.030E+05 2.394E+00 7.037E-04 3.461E-02 3.432E-02 6.963E-02 2.464E+00 1.954E+05  7.4872 0.99999
  5.623E+05 5.641E+05 2.413E+00 8.304E-04 4.032E-02 3.854E-02 7.970E-02 2.492E+00 2.201E+05  7.7127 1.00000
  6.310E+05 6.327E+05 2.431E+00 9.782E-04 4.690E-02 4.332E-02 9.120E-02 2.522E+00 2.475E+05  7.9387 1.00000
  7.079E+05 7.097E+05 2.449E+00 1.150E-03 5.447E-02 4.870E-02 1.043E-01 2.553E+00 2.778E+05  8.1655 1.00000
  7.943E+05 7.961E+05 2.467E+00 1.351E-03 6.317E-02 5.475E-02 1.193E-01 2.586E+00 3.114E+05  8.3927 1.00000
  8.913E+05 8.930E+05 2.485E+00 1.584E-03 7.316E-02 6.157E-02 1.363E-01 2.621E+00 3.486E+05  8.6204 1.00000
  1.000E+06 1.002E+06 2.503E+00 1.856E-03 8.461E-02 6.930E-02 1.558E-01 2.659E+00 3.898E+05  8.8486 1.00000
  1.122E+06 1.124E+06 2.521E+00 2.169E-03 9.773E-02 7.799E-02 1.779E-01 2.699E+00 4.354E+05  9.0771 1.00000
  1.259E+06 1.261E+06 2.538E+00 2.534E-03 1.127E-01 8.788E-02 2.031E-01 2.742E+00 4.857E+05  9.3059 1.00000
  1.413E+06 1.414E+06 2.556E+00 2.956E-03 1.299E-01 9.903E-02 2.319E-01 2.788E+00 5.412E+05  9.5349 1.00000
  1.585E+06 1.587E+06 2.573E+00 3.444E-03 1.494E-01 1.117E-01 2.646E-01 2.838E+00 6.025E+05  9.7642 1.00000
  1.778E+06 1.780E+06 2.591E+00 4.007E-03 1.718E-01 1.260E-01 3.018E-01 2.892E+00 6.700E+05  9.9936 1.00000
  1.995E+06 1.997E+06 2.608E+00 4.657E-03 1.972E-01 1.422E-01 3.441E-01 2.952E+00 7.443E+05 10.2232 1.00000
  2.239E+06 2.240E+06 2.625E+00 5.409E-03 2.262E-01 1.607E-01 3.923E-01 3.017E+00 8.258E+05 10.4528 1.00000
  2.512E+06 2.514E+06 2.642E+00 6.276E-03 2.591E-01 1.816E-01 4.470E-01 3.088E+00 9.153E+05 10.6826 1.00000
  2.818E+06 2.820E+06 2.658E+00 7.273E-03 2.965E-01 2.054E-01 5.092E-01 3.167E+00 1.013E+06 10.9125 1.00000
  3.162E+06 3.164E+06 2.675E+00 8.419E-03 3.390E-01 2.324E-01 5.799E-01 3.255E+00 1.120E+06 11.1424 1.00000
  3.548E+06 3.550E+06 2.691E+00 9.737E-03 3.873E-01 2.631E-01 6.601E-01 3.351E+00 1.237E+06 11.3724 1.00000
  3.981E+06 3.983E+06 2.707E+00 1.125E-02 4.419E-01 2.979E-01 7.511E-01 3.458E+00 1.364E+06 11.6024 1.00000
  4.467E+06 4.469E+06 2.723E+00 1.298E-02 5.039E-01 3.376E-01 8.545E-01 3.578E+00 1.502E+06 11.8325 1.00000
  5.012E+06 5.014E+06 2.739E+00 1.499E-02 5.740E-01 3.828E-01 9.718E-01 3.711E+00 1.652E+06 12.0626 1.00000
  5.623E+06 5.625E+06 2.755E+00 1.728E-02 6.534E-01 4.341E-01 1.105E+00 3.860E+00 1.814E+06 12.2927 1.00000
  6.310E+06 6.311E+06 2.771E+00 1.991E-02 7.432E-01 4.927E-01 1.256E+00 4.026E+00 1.988E+06 12.5228 1.00000
  7.079E+06 7.081E+06 2.786E+00 2.292E-02 8.446E-01 5.593E-01 1.427E+00 4.213E+00 2.175E+06 12.7530 1.00000
  7.943E+06 7.945E+06 2.801E+00 2.636E-02 9.592E-01 6.352E-01 1.621E+00 4.422E+00 2.375E+06 12.9832 1.00000
  8.913E+06 8.914E+06 2.816E+00 3.030E-02 1.089E+00 7.217E-01 1.841E+00 4.657E+00 2.588E+06 13.2134 1.00000
  1.000E+07 1.000E+07 2.831E+00 3.480E-02 1.235E+00 8.202E-01 2.090E+00 4.921E+00 2.815E+06 13.4436 1.00000
  1.122E+07 1.122E+07 2.846E+00 3.995E-02 1.400E+00 9.325E-01 2.372E+00 5.218E+00 3.056E+06 13.6738 1.00000
  1.259E+07 1.259E+07 2.861E+00 4.583E-02 1.585E+00 1.061E+00 2.692E+00 5.552E+00 3.310E+06 13.9040 1.00000
  1.413E+07 1.413E+07 2.875E+00 5.254E-02 1.795E+00 1.207E+00 3.054E+00 5.929E+00 3.578E+06 14.1342 1.00000
  1.585E+07 1.585E+07 2.890E+00 6.019E-02 2.031E+00 1.373E+00 3.464E+00 6.354E+00 3.859E+06 14.3644 1.00000
  1.778E+07 1.778E+07 2.904E+00 6.892E-02 2.297E+00 1.563E+00 3.929E+00 6.833E+00 4.152E+06 14.5946 1.00000
  1.995E+07 1.995E+07 2.918E+00 7.887E-02 2.596E+00 1.780E+00 4.455E+00 7.373E+00 4.458E+06 14.8249 1.00000
  2.239E+07 2.239E+07 2.933E+00 9.021E-02 2.933E+00 2.027E+00 5.050E+00 7.983E+00 4.775E+06 15.0551 1.00000
  2.512E+07 2.512E+07 2.947E+00 1.031E-01 3.313E+00 2.309E+00 5.725E+00 8.671E+00 5.104E+06 15.2853 1.00000
  2.818E+07 2.819E+07 2.961E+00 1.179E-01 3.739E+00 2.631E+00 6.488E+00 9.449E+00 5.442E+06 15.5156 1.00000
  3.162E+07 3.162E+07 2.975E+00 1.346E-01 4.220E+00 2.998E+00 7.353E+00 1.033E+01 5.790E+06 15.7458 1.00000
  3.548E+07 3.548E+07 2.989E+00 1.537E-01 4.760E+00 3.418E+00 8.331E+00 1.132E+01 6.147E+06 15.9761 1.00000
  3.981E+07 3.981E+07 3.003E+00 1.754E-01 5.367E+00 3.897E+00 9.439E+00 1.244E+01 6.512E+06 16.2063 1.00000
  4.467E+07 4.467E+07 3.017E+00 2.000E-01 6.050E+00 4.443E+00 1.069E+01 1.371E+01 6.883E+06 16.4366 1.00000
  5.012E+07 5.012E+07 3.030E+00 2.280E-01 6.817E+00 5.068E+00 1.211E+01 1.514E+01 7.262E+06 16.6668 1.00000
  5.623E+07 5.624E+07 3.044E+00 2.597E-01 7.680E+00 5.781E+00 1.372E+01 1.676E+01 7.645E+06 16.8971 1.00000
  6.310E+07 6.310E+07 3.058E+00 2.958E-01 8.649E+00 6.595E+00 1.554E+01 1.860E+01 8.034E+06 17.1273 1.00000
  7.079E+07 7.080E+07 3.072E+00 3.367E-01 9.738E+00 7.525E+00 1.760E+01 2.067E+01 8.426E+06 17.3576 1.00000
  7.943E+07 7.943E+07 3.086E+00 3.830E-01 1.096E+01 8.587E+00 1.993E+01 2.302E+01 8.822E+06 17.5878 1.00000
  8.913E+07 8.913E+07 3.100E+00 4.356E-01 1.234E+01 9.800E+00 2.257E+01 2.567E+01 9.221E+06 17.8181 1.00000
  1.000E+08 1.000E+08 3.114E+00 4.952E-01 1.388E+01 1.119E+01 2.556E+01 2.867E+01 9.621E+06 18.0483 1.00000
  1.122E+08 1.122E+08 3.128E+00 5.627E-01 1.561E+01 1.277E+01 2.895E+01 3.207E+01 1.002E+07 18.2786 1.00000
  1.259E+08 1.259E+08 3.142E+00 6.390E-01 1.756E+01 1.458E+01 3.278E+01 3.592E+01 1.043E+07 18.5088 1.00000
  1.413E+08 1.413E+08 3.156E+00 7.255E-01 1.974E+01 1.665E+01 3.712E+01 4.027E+01 1.083E+07 18.7391 1.00000
  1.585E+08 1.585E+08 3.170E+00 8.233E-01 2.220E+01 1.901E+01 4.203E+01 4.520E+01 1.123E+07 18.9693 1.00000
  1.778E+08 1.778E+08 3.184E+00 9.340E-01 2.495E+01 2.171E+01 4.760E+01 5.079E+01 1.164E+07 19.1996 1.00000
  1.995E+08 1.995E+08 3.198E+00 1.059E+00 2.805E+01 2.480E+01 5.391E+01 5.711E+01 1.204E+07 19.4299 1.00000
  2.239E+08 2.239E+08 3.213E+00 1.200E+00 3.152E+01 2.833E+01 6.105E+01 6.426E+01 1.244E+07 19.6601 1.00000
  2.512E+08 2.512E+08 3.227E+00 1.360E+00 3.542E+01 3.236E+01 6.914E+01 7.237E+01 1.284E+07 19.8904 1.00000
  2.818E+08 2.818E+08 3.241E+00 1.540E+00 3.979E+01 3.697E+01 7.831E+01 8.155E+01 1.324E+07 20.1206 1.00000
  3.162E+08 3.162E+08 3.256E+00 1.744E+00 4.471E+01 4.224E+01 8.869E+01 9.195E+01 1.364E+07 20.3509 1.00000
  3.548E+08 3.548E+08 3.270E+00 1.974E+00 5.022E+01 4.827E+01 1.005E+02 1.037E+02 1.403E+07 20.5811 1.00000
  3.981E+08 3.981E+08 3.285E+00 2.233E+00 5.641E+01 5.516E+01 1.138E+02 1.171E+02 1.443E+07 20.8114 1.00000
  4.467E+08 4.467E+08 3.299E+00 2.526E+00 6.335E+01 6.304E+01 1.289E+02 1.322E+02 1.482E+07 21.0417 1.00000
  5.012E+08 5.012E+08 3.314E+00 2.856E+00 7.114E+01 7.205E+01 1.460E+02 1.494E+02 1.520E+07 21.2719 1.00000
  5.623E+08 5.623E+08 3.329E+00 3.227E+00 7.989E+01 8.235E+01 1.655E+02 1.688E+02 1.559E+07 21.5022 1.00000
  6.310E+08 6.310E+08 3.344E+00 3.647E+00 8.970E+01 9.413E+01 1.875E+02 1.908E+02 1.597E+07 21.7324 1.00000
  7.079E+08 7.079E+08 3.359E+00 4.119E+00 1.007E+02 1.076E+02 2.124E+02 2.158E+02 1.635E+07 21.9627 1.00000
  7.943E+08 7.943E+08 3.374E+00 4.651E+00 1.131E+02 1.230E+02 2.408E+02 2.441E+02 1.673E+07 22.1929 1.00000
  8.913E+08 8.913E+08 3.389E+00 5.250E+00 1.270E+02 1.407E+02 2.729E+02 2.762E+02 1.710E+07 22.4232 1.00000
  1.000E+09 1.000E+09 3.404E+00 5.924E+00 1.425E+02 1.608E+02 3.093E+02 3.127E+02 1.747E+07 22.6535 1.00000
  1.122E+09 1.122E+09 3.419E+00 6.684E+00 1.600E+02 1.839E+02 3.506E+02 3.540E+02 1.784E+07 22.8837 1.00000
  1.259E+09 1.259E+09 3.435E+00 7.538E+00 1.796E+02 2.103E+02 3.974E+02 4.008E+02 1.820E+07 23.1140 1.00000
  1.413E+09 1.413E+09 3.450E+00 8.500E+00 2.016E+02 2.405E+02 4.506E+02 4.540E+02 1.856E+07 23.3442 1.00000
  1.585E+09 1.585E+09 3.465E+00 9.582E+00 2.263E+02 2.750E+02 5.109E+02 5.143E+02 1.891E+07 23.5745 1.00000
  1.778E+09 1.778E+09 3.481E+00 1.080E+01 2.540E+02 3.146E+02 5.793E+02 5.828E+02 1.927E+07 23.8048 1.00000
  1.995E+09 1.995E+09 3.497E+00 1.217E+01 2.850E+02 3.598E+02 6.570E+02 6.605E+02 1.962E+07 24.0350 1.00000
  2.239E+09 2.239E+09 3.512E+00 1.371E+01 3.199E+02 4.116E+02 7.452E+02 7.487E+02 1.996E+07 24.2653 1.00000
  2.512E+09 2.512E+09 3.528E+00 1.544E+01 3.590E+02 4.708E+02 8.453E+02 8.488E+02 2.031E+07 24.4955 1.00000
  2.818E+09 2.818E+09 3.544E+00 1.738E+01 4.029E+02 5.386E+02 9.589E+02 9.625E+02 2.064E+07 24.7258 1.00000
  3.162E+09 3.162E+09 3.560E+00 1.957E+01 4.522E+02 6.162E+02 1.088E+03 1.092E+03 2.098E+07 24.9560 1.00000
  3.548E+09 3.548E+09 3.576E+00 2.202E+01 5.075E+02 7.050E+02 1.235E+03 1.238E+03 2.131E+07 25.1863 1.00000
  3.981E+09 3.981E+09 3.592E+00 2.478E+01 5.695E+02 8.067E+02 1.401E+03 1.405E+03 2.164E+07 25.4166 1.00000
  4.467E+09 4.467E+09 3.609E+00 2.789E+01 6.391E+02 9.231E+02 1.590E+03 1.594E+03 2.196E+07 25.6468 1.00000
  5.012E+09 5.012E+09 3.625E+00 3.137E+01 7.172E+02 1.056E+03 1.805E+03 1.809E+03 2.229E+07 25.8771 1.00000
  5.623E+09 5.623E+09 3.642E+00 3.528E+01 8.048E+02 1.209E+03 2.049E+03 2.053E+03 2.260E+07 26.1073 1.00000
  6.310E+09 6.310E+09 3.658E+00 3.968E+01 9.031E+02 1.384E+03 2.326E+03 2.330E+03 2.292E+07 26.3376 1.00000
  7.079E+09 7.079E+09 3.675E+00 4.462E+01 1.013E+03 1.583E+03 2.642E+03 2.645E+03 2.323E+07 26.5679 1.00000
  7.943E+09 7.943E+09 3.691E+00 5.017E+01 1.137E+03 1.812E+03 3.000E+03 3.004E+03 2.353E+07 26.7981 1.00000
  8.913E+09 8.913E+09 3.708E+00 5.639E+01 1.276E+03 2.075E+03 3.407E+03 3.411E+03 2.384E+07 27.0284 1.00000
  1.000E+10 1.000E+10 3.725E+00 6.339E+01 1.432E+03 2.375E+03 3.870E+03 3.874E+03 2.413E+07 27.2586 1.00000
  1.122E+10 1.122E+10 3.742E+00 7.124E+01 1.607E+03 2.719E+03 4.397E+03 4.401E+03 2.443E+07 27.4889 1.00000
  1.259E+10 1.259E+10 3.759E+00 8.005E+01 1.803E+03 3.113E+03 4.996E+03 4.999E+03 2.472E+07 27.7191 1.00000
  1.413E+10 1.413E+10 3.777E+00 8.995E+01 2.023E+03 3.564E+03 5.677E+03 5.681E+03 2.501E+07 27.9494 1.00000
  1.585E+10 1.585E+10 3.794E+00 1.011E+02 2.270E+03 4.080E+03 6.452E+03 6.455E+03 2.529E+07 28.1795 1.00000
  1.778E+10 1.778E+10 3.811E+00 1.135E+02 2.547E+03 4.672E+03 7.333E+03 7.337E+03 2.557E+07 28.4098 1.00000
  1.995E+10 1.995E+10 3.829E+00 1.275E+02 2.858E+03 5.350E+03 8.336E+03 8.340E+03 2.585E+07 28.6401 1.00000
  2.239E+10 2.239E+10 3.846E+00 1.433E+02 3.207E+03 6.127E+03 9.477E+03 9.481E+03 2.613E+07 28.8699 1.00000
  2.512E+10 2.512E+10 3.864E+00 1.609E+02 3.598E+03 7.017E+03 1.078E+04 1.078E+04 2.640E+07 29.1002 1.00000
  2.818E+10 2.818E+10 3.882E+00 1.807E+02 4.038E+03 8.037E+03 1.225E+04 1.226E+04 2.666E+07 29.3305 1.00000
  3.162E+10 3.162E+10 3.900E+00 2.029E+02 4.530E+03 9.205E+03 1.394E+04 1.394E+04 2.692E+07 29.5592 1.00000
  3.548E+10 3.548E+10 3.918E+00 2.279E+02 5.083E+03 1.054E+04 1.585E+04 1.586E+04 2.718E+07 29.7894 1.00000
  3.981E+10 3.981E+10 3.936E+00 2.559E+02 5.704E+03 1.208E+04 1.804E+04 1.804E+04 2.744E+07 30.0197 1.00000
  4.467E+10 4.467E+10 3.954E+00 2.873E+02 6.400E+03 1.384E+04 2.052E+04 2.053E+04 2.769E+07 30.2500 1.00000
  5.012E+10 5.012E+10 3.973E+00 3.225E+02 7.181E+03 1.585E+04 2.335E+04 2.336E+04 2.794E+07 30.4737 1.00000
  5.623E+10 5.623E+10 3.992E+00 3.621E+02 8.057E+03 1.816E+04 2.658E+04 2.658E+04 2.819E+07 30.7040 1.00000
  6.310E+10 6.310E+10 4.010E+00 4.065E+02 9.041E+03 2.081E+04 3.025E+04 3.026E+04 2.843E+07 30.9342 1.00000
  7.079E+10 7.079E+10 4.031E+00 4.563E+02 1.014E+04 2.384E+04 3.444E+04 3.444E+04 2.867E+07 31.1353 1.00000
  7.943E+10 7.943E+10 4.050E+00 5.123E+02 1.138E+04 2.732E+04 3.921E+04 3.921E+04 2.890E+07 31.3656 1.00000
  8.913E+10 8.913E+10 4.069E+00 5.750E+02 1.277E+04 3.130E+04 4.465E+04 4.465E+04 2.913E+07 31.5959 1.00000
  1.000E+11 1.000E+11 4.087E+00 6.454E+02 1.433E+04 3.587E+04 5.085E+04 5.085E+04 2.936E+07 31.8261 1.00000
  1.122E+11 1.122E+11 4.107E+00 7.244E+02 1.608E+04 4.111E+04 5.791E+04 5.792E+04 2.959E+07 32.0564 1.00000
  1.259E+11 1.259E+11 4.138E+00 8.131E+02 1.804E+04 4.712E+04 6.597E+04 6.597E+04 2.981E+07 32.1312 1.00000
  1.413E+11 1.413E+11 4.157E+00 9.126E+02 2.024E+04 5.400E+04 7.516E+04 7.516E+04 3.003E+07 32.3614 1.00000
  1.585E+11 1.585E+11 4.176E+00 1.024E+03 2.271E+04 6.190E+04 8.564E+04 8.564E+04 3.024E+07 32.5917 1.00000
  1.778E+11 1.778E+11 4.196E+00 1.149E+03 2.548E+04 7.096E+04 9.759E+04 9.759E+04 3.045E+07 32.8219 1.00000
  1.995E+11 1.995E+11 4.215E+00 1.290E+03 2.859E+04 8.134E+04 1.112E+05 1.112E+05 3.066E+07 33.0522 1.00000
  2.239E+11 2.239E+11 4.235E+00 1.448E+03 3.208E+04 9.325E+04 1.268E+05 1.268E+05 3.086E+07 33.2825 1.00000
  2.512E+11 2.512E+11 4.255E+00 1.625E+03 3.600E+04 1.069E+05 1.445E+05 1.445E+05 3.107E+07 33.5127 1.00000
  2.818E+11 2.818E+11 4.275E+00 1.823E+03 4.039E+04 1.226E+05 1.648E+05 1.648E+05 3.126E+07 33.7430 1.00000
  3.162E+11 3.162E+11 4.295E+00 2.046E+03 4.532E+04 1.406E+05 1.879E+05 1.879E+05 3.146E+07 33.9732 1.00000
  3.548E+11 3.548E+11 4.315E+00 2.296E+03 5.085E+04 1.612E+05 2.143E+05 2.143E+05 3.165E+07 34.2035 1.00000
  3.981E+11 3.981E+11 4.335E+00 2.577E+03 5.705E+04 1.848E+05 2.444E+05 2.444E+05 3.184E+07 34.4338 1.00000
  4.467E+11 4.467E+11 4.356E+00 2.891E+03 6.401E+04 2.119E+05 2.788E+05 2.788E+05 3.203E+07 34.6640 1.00000
  5.012E+11 5.012E+11 4.376E+00 3.244E+03 7.182E+04 2.431E+05 3.181E+05 3.181E+05 3.221E+07 34.8943 1.00000
  5.623E+11 5.623E+11 4.397E+00 3.641E+03 8.058E+04 2.788E+05 3.630E+05 3.630E+05 3.239E+07 35.1245 1.00000
  6.310E+11 6.310E+11 4.417E+00 4.085E+03 9.042E+04 3.197E+05 4.142E+05 4.143E+05 3.257E+07 35.3548 1.00000
  7.079E+11 7.079E+11 4.438E+00 4.584E+03 1.015E+05 3.668E+05 4.728E+05 4.728E+05 3.274E+07 35.5850 1.00000
  7.943E+11 7.943E+11 4.459E+00 5.144E+03 1.138E+05 4.207E+05 5.397E+05 5.397E+05 3.291E+07 35.8153 1.00000
  8.913E+11 8.913E+11 4.480E+00 5.772E+03 1.277E+05 4.826E+05 6.161E+05 6.161E+05 3.308E+07 36.0456 1.00000
  1.000E+12 1.000E+12 4.501E+00 6.477E+03 1.433E+05 5.537E+05 7.034E+05 7.034E+05 3.324E+07 36.2758 1.00000
  1.122E+12 1.122E+12 4.523E+00 7.267E+03 1.608E+05 6.352E+05 8.032E+05 8.033E+05 3.341E+07 36.5061 1.00000
  1.259E+12 1.259E+12 4.544E+00 8.154E+03 1.804E+05 7.288E+05 9.173E+05 9.173E+05 3.357E+07 36.7363 1.00000
  1.413E+12 1.413E+12 4.566E+00 9.150E+03 2.024E+05 8.362E+05 1.048E+06 1.048E+06 3.372E+07 36.9666 1.00000
  1.585E+12 1.585E+12 4.587E+00 1.027E+04 2.271E+05 9.595E+05 1.197E+06 1.197E+06 3.388E+07 37.1969 1.00000
  1.778E+12 1.778E+12 4.609E+00 1.152E+04 2.548E+05 1.101E+06 1.367E+06 1.367E+06 3.403E+07 37.4271 1.00000
  1.995E+12 1.995E+12 4.631E+00 1.293E+04 2.859E+05 1.263E+06 1.562E+06 1.562E+06 3.418E+07 37.6574 1.00000
  2.239E+12 2.239E+12 4.653E+00 1.450E+04 3.208E+05 1.450E+06 1.785E+06 1.785E+06 3.432E+07 37.8876 1.00000
  2.512E+12 2.512E+12 4.675E+00 1.627E+04 3.600E+05 1.664E+06 2.040E+06 2.040E+06 3.446E+07 38.1179 1.00000
  2.818E+12 2.818E+12 4.698E+00 1.826E+04 4.039E+05 1.910E+06 2.332E+06 2.332E+06 3.461E+07 38.3482 1.00000
  3.162E+12 3.162E+12 4.720E+00 2.049E+04 4.532E+05 2.192E+06 2.666E+06 2.666E+06 3.474E+07 38.5784 1.00000
  3.548E+12 3.548E+12 4.742E+00 2.299E+04 5.084E+05 2.516E+06 3.048E+06 3.048E+06 3.488E+07 38.8087 1.00000
  3.981E+12 3.981E+12 4.765E+00 2.579E+04 5.705E+05 2.889E+06 3.485E+06 3.485E+06 3.501E+07 39.0389 1.00000
  4.467E+12 4.467E+12 4.788E+00 2.894E+04 6.401E+05 3.316E+06 3.985E+06 3.985E+06 3.514E+07 39.2692 1.00000
  5.012E+12 5.012E+12 4.811E+00 3.247E+04 7.182E+05 3.807E+06 4.558E+06 4.558E+06 3.527E+07 39.4994 1.00000
  5.623E+12 5.623E+12 4.834E+00 3.644E+04 8.058E+05 4.371E+06 5.213E+06 5.213E+06 3.539E+07 39.7297 1.00000
  6.310E+12 6.310E+12 4.857E+00 4.088E+04 9.041E+05 5.018E+06 5.963E+06 5.963E+06 3.552E+07 39.9600 1.00000
  7.079E+12 7.079E+12 4.880E+00 4.587E+04 1.014E+06 5.762E+06 6.822E+06 6.822E+06 3.564E+07 40.1902 1.00000
  7.943E+12 7.943E+12 4.903E+00 5.147E+04 1.138E+06 6.616E+06 7.806E+06 7.806E+06 3.576E+07 40.4205 1.00000
  8.913E+12 8.913E+12 4.927E+00 5.775E+04 1.277E+06 7.598E+06 8.933E+06 8.933E+06 3.587E+07 40.6507 1.00000
  1.000E+13 1.000E+13 4.951E+00 6.480E+04 1.433E+06 8.725E+06 1.022E+07 1.022E+07 3.599E+07 40.8810 1.00000
  1.122E+13 1.122E+13 4.974E+00 7.270E+04 1.608E+06 1.002E+07 1.170E+07 1.170E+07 3.610E+07 41.1113 1.00000
  1.259E+13 1.259E+13 4.998E+00 8.158E+04 1.804E+06 1.151E+07 1.339E+07 1.339E+07 3.621E+07 41.3415 1.00000
  1.413E+13 1.413E+13 5.022E+00 9.153E+04 2.024E+06 1.322E+07 1.533E+07 1.533E+07 3.631E+07 41.5718 1.00000
  1.585E+13 1.585E+13 5.047E+00 1.027E+05 2.271E+06 1.518E+07 1.756E+07 1.756E+07 3.642E+07 41.8020 1.00000
  1.778E+13 1.778E+13 5.071E+00 1.152E+05 2.548E+06 1.744E+07 2.010E+07 2.010E+07 3.652E+07 42.0323 1.00000
  1.995E+13 1.995E+13 5.095E+00 1.293E+05 2.859E+06 2.003E+07 2.302E+07 2.302E+07 3.662E+07 42.2625 1.00000
  2.239E+13 2.239E+13 5.120E+00 1.451E+05 3.208E+06 2.301E+07 2.636E+07 2.636E+07 3.672E+07 42.4928 1.00000
  2.512E+13 2.512E+13 5.144E+00 1.628E+05 3.599E+06 2.644E+07 3.020E+07 3.020E+07 3.682E+07 42.7231 1.00000
  2.818E+13 2.818E+13 5.169E+00 1.826E+05 4.038E+06 3.037E+07 3.459E+07 3.459E+07 3.691E+07 42.9533 1.00000
  3.162E+13 3.162E+13 5.194E+00 2.049E+05 4.531E+06 3.490E+07 3.963E+07 3.963E+07 3.701E+07 43.1836 1.00000
  3.548E+13 3.548E+13 5.219E+00 2.299E+05 5.084E+06 4.009E+07 4.541E+07 4.541E+07 3.710E+07 43.4138 1.00000
  3.981E+13 3.981E+13 5.245E+00 2.580E+05 5.704E+06 4.607E+07 5.203E+07 5.203E+07 3.719E+07 43.6441 1.00000
  4.467E+13 4.467E+13 5.270E+00 2.895E+05 6.400E+06 5.294E+07 5.963E+07 5.963E+07 3.727E+07 43.8744 1.00000
  5.012E+13 5.012E+13 5.295E+00 3.248E+05 7.181E+06 6.083E+07 6.834E+07 6.834E+07 3.736E+07 44.1046 1.00000
  5.623E+13 5.623E+13 5.321E+00 3.644E+05 8.058E+06 6.991E+07 7.833E+07 7.833E+07 3.744E+07 44.3349 1.00000
  6.310E+13 6.310E+13 5.347E+00 4.089E+05 9.041E+06 8.035E+07 8.979E+07 8.979E+07 3.752E+07 44.5651 1.00000
  7.079E+13 7.079E+13 5.373E+00 4.588E+05 1.014E+07 9.234E+07 1.029E+08 1.029E+08 3.760E+07 44.7954 1.00000
  7.943E+13 7.943E+13 5.399E+00 5.147E+05 1.138E+07 1.061E+08 1.180E+08 1.180E+08 3.768E+07 45.0256 1.00000
  8.913E+13 8.913E+13 5.425E+00 5.775E+05 1.277E+07 1.220E+08 1.353E+08 1.353E+08 3.776E+07 45.2559 1.00000
  1.000E+14 1.000E+14 5.451E+00 6.480E+05 1.433E+07 1.402E+08 1.552E+08 1.552E+08 3.783E+07 45.4862 1.00000
  1.122E+14 1.122E+14 5.478E+00 7.271E+05 1.608E+07 1.612E+08 1.780E+08 1.780E+08 3.791E+07 45.7164 1.00000
  1.259E+14 1.259E+14 5.504E+00 8.158E+05 1.804E+07 1.853E+08 2.042E+08 2.042E+08 3.798E+07 45.9467 1.00000
  1.413E+14 1.413E+14 5.531E+00 9.153E+05 2.024E+07 2.130E+08 2.342E+08 2.342E+08 3.805E+07 46.1769 1.00000
  1.585E+14 1.585E+14 5.558E+00 1.027E+06 2.271E+07 2.449E+08 2.686E+08 2.686E+08 3.812E+07 46.4072 1.00000
  1.778E+14 1.778E+14 5.585E+00 1.152E+06 2.548E+07 2.816E+08 3.082E+08 3.082E+08 3.819E+07 46.6375 1.00000
  1.995E+14 1.995E+14 5.612E+00 1.293E+06 2.859E+07 3.238E+08 3.536E+08 3.536E+08 3.825E+07 46.8677 1.00000
  2.239E+14 2.239E+14 5.640E+00 1.451E+06 3.208E+07 3.723E+08 4.058E+08 4.058E+08 3.832E+07 47.0980 1.00000
  2.512E+14 2.512E+14 5.667E+00 1.628E+06 3.599E+07 4.281E+08 4.657E+08 4.657E+08 3.838E+07 47.3282 1.00000
  2.818E+14 2.818E+14 5.695E+00 1.826E+06 4.038E+07 4.922E+08 5.344E+08 5.344E+08 3.844E+07 47.5585 1.00000
  3.162E+14 3.162E+14 5.722E+00 2.049E+06 4.531E+07 5.661E+08 6.134E+08 6.134E+08 3.850E+07 47.7888 1.00000
  3.548E+14 3.548E+14 5.750E+00 2.299E+06 5.084E+07 6.510E+08 7.041E+08 7.041E+08 3.856E+07 48.0190 1.00000
  3.981E+14 3.981E+14 5.778E+00 2.580E+06 5.704E+07 7.487E+08 8.083E+08 8.083E+08 3.862E+07 48.2493 1.00000
  4.467E+14 4.467E+14 5.806E+00 2.895E+06 6.400E+07 8.611E+08 9.280E+08 9.280E+08 3.867E+07 48.4795 1.00000
  5.012E+14 5.012E+14 5.835E+00 3.248E+06 7.181E+07 9.904E+08 1.065E+09 1.065E+09 3.873E+07 48.7098 1.00000
  5.623E+14 5.623E+14 5.863E+00 3.644E+06 8.057E+07 1.139E+09 1.223E+09 1.223E+09 3.878E+07 48.9400 1.00000
  6.310E+14 6.310E+14 5.892E+00 4.089E+06 9.040E+07 1.310E+09 1.405E+09 1.405E+09 3.883E+07 49.1703 1.00000
  7.079E+14 7.079E+14 5.921E+00 4.588E+06 1.014E+08 1.507E+09 1.613E+09 1.613E+09 3.888E+07 49.4006 1.00000
  7.943E+14 7.943E+14 5.949E+00 5.147E+06 1.138E+08 1.734E+09 1.853E+09 1.853E+09 3.893E+07 49.6308 1.00000
  8.913E+14 8.913E+14 5.979E+00 5.775E+06 1.277E+08 1.995E+09 2.128E+09 2.128E+09 3.898E+07 49.8611 1.00000
  1.000E+15 1.000E+15 6.008E+00 6.480E+06 1.433E+08 2.295E+09 2.445E+09 2.445E+09 3.903E+07 50.0913 1.00000
