 Incident particle is a Muon with M = 105.65839 MeV
 Index = 1: DryAir
      Absorber with <Z/A> = 0.49919
 Sternheimer coef:  a     k=m_s   x_0    x_1    I[eV]   Cbar  delta0
                 0.1091  3.3994  1.7418  4.2759   85.7 10.5961 0.00

 *** Table generated with PUMAS v0.6 ***

      T         p     Ionization  brems     pair     photonuc  Radloss    dE/dx   CSDA Range  delta   beta
    [MeV]    [MeV/c]  -----------------------[MeV cm^2/g]------------------------  [g/cm^2]
  1.000E+00 1.457E+01 4.436E+01 7.862E-07 0.000E+00 0.000E+00 7.862E-07 4.436E+01 1.127E-02  0.0000 0.13661
  1.200E+00 1.597E+01 3.830E+01 9.016E-07 0.000E+00 0.000E+00 9.016E-07 3.830E+01 1.614E-02  0.0000 0.14944
  1.400E+00 1.726E+01 3.382E+01 1.012E-06 0.000E+00 0.000E+00 1.012E-06 3.382E+01 2.170E-02  0.0000 0.16119
  1.700E+00 1.903E+01 2.889E+01 1.169E-06 0.000E+00 0.000E+00 1.169E-06 2.889E+01 3.133E-02  0.0000 0.17725
  2.000E+00 2.066E+01 2.532E+01 1.318E-06 0.000E+00 0.000E+00 1.318E-06 2.532E+01 4.245E-02  0.0000 0.19186
  2.500E+00 2.312E+01 2.113E+01 1.551E-06 0.000E+00 0.000E+00 1.551E-06 2.113E+01 6.415E-02  0.0000 0.21376
  3.000E+00 2.536E+01 1.822E+01 1.770E-06 0.000E+00 0.000E+00 1.770E-06 1.822E+01 8.971E-02  0.0000 0.23336
  3.500E+00 2.742E+01 1.608E+01 1.976E-06 0.000E+00 0.000E+00 1.976E-06 1.608E+01 1.190E-01  0.0000 0.25120
  4.000E+00 2.935E+01 1.444E+01 2.172E-06 0.000E+00 0.000E+00 2.172E-06 1.444E+01 1.518E-01  0.0000 0.26763
  4.500E+00 3.116E+01 1.314E+01 2.359E-06 0.000E+00 0.000E+00 2.359E-06 1.314E+01 1.882E-01  0.0000 0.28290
  5.000E+00 3.289E+01 1.208E+01 2.538E-06 0.000E+00 0.000E+00 2.538E-06 1.208E+01 2.279E-01  0.0000 0.29720
  5.500E+00 3.453E+01 1.120E+01 2.710E-06 0.000E+00 0.000E+00 2.710E-06 1.120E+01 2.709E-01  0.0000 0.31066
  6.000E+00 3.611E+01 1.045E+01 2.876E-06 0.000E+00 0.000E+00 2.876E-06 1.045E+01 3.172E-01  0.0000 0.32339
  7.000E+00 3.909E+01 9.259E+00 3.193E-06 0.000E+00 0.000E+00 3.193E-06 9.259E+00 4.190E-01  0.0000 0.34700
  8.000E+00 4.189E+01 8.347E+00 3.491E-06 0.000E+00 0.000E+00 3.491E-06 8.347E+00 5.329E-01  0.0000 0.36854
  9.000E+00 4.453E+01 7.625E+00 3.774E-06 0.000E+00 0.000E+00 3.774E-06 7.625E+00 6.584E-01  0.0000 0.38836
  1.000E+01 4.704E+01 7.039E+00 4.044E-06 0.000E+00 0.000E+00 4.044E-06 7.039E+00 7.950E-01  0.0000 0.40675
  1.200E+01 5.177E+01 6.146E+00 4.552E-06 0.000E+00 0.000E+00 4.552E-06 6.146E+00 1.100E+00  0.0000 0.43998
  1.400E+01 5.616E+01 5.495E+00 5.025E-06 0.000E+00 0.000E+00 5.025E-06 5.495E+00 1.444E+00  0.0000 0.46937
  1.700E+01 6.230E+01 4.793E+00 5.685E-06 0.000E+00 0.000E+00 5.685E-06 4.793E+00 2.030E+00  0.0000 0.50792
  2.000E+01 6.802E+01 4.294E+00 6.300E-06 0.000E+00 0.000E+00 6.300E-06 4.294E+00 2.693E+00  0.0000 0.54129
  2.500E+01 7.686E+01 3.720E+00 7.255E-06 0.000E+00 0.000E+00 7.255E-06 3.720E+00 3.947E+00  0.0000 0.58827
  3.000E+01 8.509E+01 3.333E+00 8.150E-06 0.000E+00 0.000E+00 8.150E-06 3.333E+00 5.369E+00  0.0000 0.62720
  3.500E+01 9.285E+01 3.056E+00 9.005E-06 0.000E+00 0.000E+00 9.005E-06 3.056E+00 6.937E+00  0.0000 0.66011
  4.000E+01 1.003E+02 2.848E+00 9.834E-06 0.000E+00 0.000E+00 9.834E-06 2.848E+00 8.633E+00  0.0000 0.68834
  4.500E+01 1.074E+02 2.686E+00 1.065E-05 0.000E+00 0.000E+00 1.065E-05 2.686E+00 1.044E+01  0.0000 0.71286
  5.000E+01 1.143E+02 2.558E+00 1.145E-05 0.000E+00 0.000E+00 1.145E-05 2.558E+00 1.235E+01  0.0000 0.73434
  5.500E+01 1.210E+02 2.454E+00 1.224E-05 0.000E+00 0.000E+00 1.224E-05 2.454E+00 1.435E+01  0.0000 0.75332
  6.000E+01 1.276E+02 2.368E+00 1.303E-05 0.000E+00 0.000E+00 1.303E-05 2.368E+00 1.642E+01  0.0000 0.77019
  7.000E+01 1.403E+02 2.236E+00 1.462E-05 0.000E+00 0.000E+00 1.462E-05 2.236E+00 2.077E+01  0.0000 0.79887
  8.000E+01 1.527E+02 2.140E+00 1.621E-05 0.000E+00 0.000E+00 1.621E-05 2.140E+00 2.534E+01  0.0000 0.82227
  9.000E+01 1.647E+02 2.068E+00 1.783E-05 0.000E+00 0.000E+00 1.783E-05 2.068E+00 3.009E+01  0.0000 0.84166
  1.000E+02 1.764E+02 2.014E+00 1.946E-05 0.000E+00 0.000E+00 1.946E-05 2.014E+00 3.500E+01  0.0000 0.85794
  1.200E+02 1.994E+02 1.937E+00 2.282E-05 0.000E+00 0.000E+00 2.282E-05 1.937E+00 4.512E+01  0.0000 0.88361
  1.400E+02 2.218E+02 1.889E+00 2.630E-05 0.000E+00 0.000E+00 2.630E-05 1.889E+00 5.558E+01  0.0000 0.90278
  1.700E+02 2.546E+02 1.848E+00 3.174E-05 4.559E-14 0.000E+00 3.174E-05 1.848E+00 7.163E+01  0.0000 0.92363
  2.000E+02 2.868E+02 1.827E+00 3.744E-05 1.019E-11 0.000E+00 3.744E-05 1.827E+00 8.796E+01  0.0000 0.93835
  2.500E+02 3.396E+02 1.816E+00 4.751E-05 8.496E-08 0.000E+00 4.760E-05 1.816E+00 1.154E+02  0.0000 0.95485
  3.000E+02 3.917E+02 1.819E+00 5.822E-05 7.654E-07 0.000E+00 5.899E-05 1.819E+00 1.429E+02  0.0000 0.96548
  3.500E+02 4.432E+02 1.830E+00 6.952E-05 2.108E-06 0.000E+00 7.163E-05 1.830E+00 1.703E+02  0.0000 0.97274
  4.000E+02 4.945E+02 1.844E+00 8.136E-05 4.083E-06 0.000E+00 8.545E-05 1.844E+00 1.976E+02  0.0000 0.97793
  4.500E+02 5.455E+02 1.859E+00 9.370E-05 6.667E-06 0.000E+00 1.004E-04 1.859E+00 2.246E+02  0.0000 0.98176
  5.000E+02 5.964E+02 1.876E+00 1.065E-04 9.839E-06 0.000E+00 1.163E-04 1.876E+00 2.513E+02  0.0000 0.98467
  5.500E+02 6.471E+02 1.892E+00 1.197E-04 1.358E-05 0.000E+00 1.333E-04 1.892E+00 2.779E+02  0.0000 0.98693
  6.000E+02 6.977E+02 1.908E+00 1.334E-04 1.787E-05 0.000E+00 1.512E-04 1.908E+00 3.042E+02  0.0000 0.98873
  7.000E+02 7.987E+02 1.939E+00 1.617E-04 2.801E-05 0.000E+00 1.897E-04 1.939E+00 3.562E+02  0.0000 0.99136
  8.000E+02 8.995E+02 1.968E+00 1.915E-04 4.014E-05 0.000E+00 2.316E-04 1.968E+00 4.074E+02  0.0000 0.99317
  9.000E+02 1.000E+03 1.995E+00 2.224E-04 5.412E-05 0.000E+00 2.765E-04 1.995E+00 4.578E+02  0.0000 0.99447
  1.000E+03 1.101E+03 2.020E+00 2.545E-04 6.984E-05 0.000E+00 3.243E-04 2.020E+00 5.077E+02  0.0000 0.99542
  1.200E+03 1.301E+03 2.065E+00 3.216E-04 1.061E-04 2.255E-05 4.503E-04 2.066E+00 6.056E+02  0.0000 0.99672
  1.400E+03 1.502E+03 2.105E+00 3.924E-04 1.483E-04 6.173E-05 6.023E-04 2.106E+00 7.015E+02  0.0000 0.99753
  1.700E+03 1.803E+03 2.157E+00 5.042E-04 2.213E-04 1.323E-04 8.578E-04 2.158E+00 8.422E+02  0.0000 0.99829
  2.000E+03 2.103E+03 2.201E+00 6.220E-04 3.048E-04 2.156E-04 1.142E-03 2.203E+00 9.798E+02  0.0000 0.99874
  2.500E+03 2.604E+03 2.263E+00 8.298E-04 4.639E-04 3.770E-04 1.671E-03 2.265E+00 1.204E+03  0.0000 0.99918
  3.000E+03 3.104E+03 2.314E+00 1.050E-03 6.447E-04 5.466E-04 2.241E-03 2.317E+00 1.422E+03  0.0000 0.99942
  3.500E+03 3.604E+03 2.358E+00 1.279E-03 8.440E-04 7.267E-04 2.850E-03 2.361E+00 1.636E+03  0.0000 0.99957
  4.000E+03 4.104E+03 2.396E+00 1.518E-03 1.074E-03 9.194E-04 3.511E-03 2.399E+00 1.846E+03  0.0000 0.99967
  4.500E+03 4.604E+03 2.429E+00 1.765E-03 1.324E-03 1.120E-03 4.209E-03 2.434E+00 2.053E+03  0.0000 0.99974
  5.000E+03 5.105E+03 2.459E+00 2.019E-03 1.589E-03 1.313E-03 4.921E-03 2.464E+00 2.257E+03  0.0000 0.99979
  5.500E+03 5.605E+03 2.486E+00 2.279E-03 1.868E-03 1.521E-03 5.668E-03 2.492E+00 2.459E+03  0.0000 0.99982
  6.000E+03 6.105E+03 2.509E+00 2.545E-03 2.159E-03 1.715E-03 6.419E-03 2.516E+00 2.658E+03  0.0227 0.99985
  7.000E+03 7.105E+03 2.546E+00 3.093E-03 2.775E-03 2.127E-03 7.994E-03 2.554E+00 3.053E+03  0.1098 0.99989
  8.000E+03 8.105E+03 2.577E+00 3.660E-03 3.430E-03 2.536E-03 9.627E-03 2.587E+00 3.442E+03  0.1965 0.99992
  9.000E+03 9.105E+03 2.604E+00 4.243E-03 4.121E-03 2.922E-03 1.129E-02 2.615E+00 3.826E+03  0.2812 0.99993
  1.000E+04 1.011E+04 2.627E+00 4.842E-03 4.844E-03 3.320E-03 1.301E-02 2.640E+00 4.207E+03  0.3635 0.99995
  1.200E+04 1.211E+04 2.666E+00 6.077E-03 6.371E-03 4.129E-03 1.658E-02 2.683E+00 4.958E+03  0.5197 0.99996
  1.400E+04 1.411E+04 2.698E+00 7.358E-03 7.992E-03 4.940E-03 2.029E-02 2.718E+00 5.699E+03  0.6651 0.99997
  1.700E+04 1.711E+04 2.736E+00 9.349E-03 1.057E-02 6.144E-03 2.607E-02 2.762E+00 6.794E+03  0.8647 0.99998
  2.000E+04 2.011E+04 2.767E+00 1.141E-02 1.330E-02 7.328E-03 3.204E-02 2.799E+00 7.873E+03  1.0453 0.99999
  2.500E+04 2.511E+04 2.807E+00 1.498E-02 1.811E-02 9.275E-03 4.237E-02 2.850E+00 9.643E+03  1.3122 0.99999
  3.000E+04 3.011E+04 2.838E+00 1.868E-02 2.320E-02 1.119E-02 5.307E-02 2.891E+00 1.139E+04  1.5456 0.99999
  3.500E+04 3.511E+04 2.864E+00 2.250E-02 2.850E-02 1.313E-02 6.413E-02 2.928E+00 1.310E+04  1.7532 1.00000
  4.000E+04 4.011E+04 2.885E+00 2.641E-02 3.399E-02 1.505E-02 7.544E-02 2.960E+00 1.480E+04  1.9401 1.00000
  4.500E+04 4.511E+04 2.903E+00 3.040E-02 3.964E-02 1.694E-02 8.697E-02 2.990E+00 1.648E+04  2.1102 1.00000
  5.000E+04 5.011E+04 2.919E+00 3.446E-02 4.542E-02 1.884E-02 9.871E-02 3.017E+00 1.815E+04  2.2663 1.00000
  5.500E+04 5.511E+04 2.932E+00 3.859E-02 5.132E-02 2.075E-02 1.107E-01 3.043E+00 1.980E+04  2.4107 1.00000
  6.000E+04 6.011E+04 2.945E+00 4.277E-02 5.733E-02 2.264E-02 1.227E-01 3.068E+00 2.143E+04  2.5450 1.00000
  7.000E+04 7.011E+04 2.966E+00 5.129E-02 6.962E-02 2.640E-02 1.473E-01 3.114E+00 2.467E+04  2.7885 1.00000
  8.000E+04 8.011E+04 2.984E+00 5.999E-02 8.223E-02 3.017E-02 1.724E-01 3.157E+00 2.786E+04  3.0049 1.00000
  9.000E+04 9.011E+04 3.000E+00 6.884E-02 9.511E-02 3.395E-02 1.979E-01 3.198E+00 3.101E+04  3.1998 1.00000
  1.000E+05 1.001E+05 3.014E+00 7.783E-02 1.082E-01 3.766E-02 2.237E-01 3.237E+00 3.411E+04  3.3772 1.00000
  1.200E+05 1.201E+05 3.036E+00 9.614E-02 1.350E-01 4.522E-02 2.763E-01 3.313E+00 4.022E+04  3.6904 1.00000
  1.400E+05 1.401E+05 3.055E+00 1.148E-01 1.624E-01 5.278E-02 3.300E-01 3.385E+00 4.619E+04  3.9610 1.00000
  1.700E+05 1.701E+05 3.078E+00 1.435E-01 2.044E-01 6.414E-02 4.120E-01 3.490E+00 5.492E+04  4.3087 1.00000
  2.000E+05 2.001E+05 3.097E+00 1.727E-01 2.473E-01 7.557E-02 4.955E-01 3.593E+00 6.340E+04  4.6052 1.00000
  2.500E+05 2.501E+05 3.122E+00 2.224E-01 3.201E-01 9.470E-02 6.372E-01 3.760E+00 7.700E+04  5.0195 1.00000
  3.000E+05 3.001E+05 3.143E+00 2.731E-01 3.944E-01 1.140E-01 7.814E-01 3.924E+00 9.002E+04  5.3634 1.00000
  3.500E+05 3.501E+05 3.159E+00 3.245E-01 4.696E-01 1.335E-01 9.276E-01 4.087E+00 1.025E+05  5.6575 1.00000
  4.000E+05 4.001E+05 3.174E+00 3.766E-01 5.457E-01 1.531E-01 1.075E+00 4.249E+00 1.145E+05  5.9145 1.00000
  4.500E+05 4.501E+05 3.187E+00 4.293E-01 6.224E-01 1.729E-01 1.225E+00 4.411E+00 1.261E+05  6.1427 1.00000
  5.000E+05 5.001E+05 3.198E+00 4.825E-01 6.997E-01 1.928E-01 1.375E+00 4.573E+00 1.372E+05  6.3479 1.00000
  5.500E+05 5.501E+05 3.208E+00 5.360E-01 7.775E-01 2.125E-01 1.526E+00 4.734E+00 1.479E+05  6.5343 1.00000
  6.000E+05 6.001E+05 3.217E+00 5.900E-01 8.556E-01 2.324E-01 1.678E+00 4.895E+00 1.583E+05  6.7051 1.00000
  7.000E+05 7.001E+05 3.233E+00 6.988E-01 1.013E+00 2.726E-01 1.984E+00 5.218E+00 1.781E+05  7.0089 1.00000
  8.000E+05 8.001E+05 3.247E+00 8.086E-01 1.171E+00 3.131E-01 2.293E+00 5.540E+00 1.967E+05  7.2732 1.00000
  9.000E+05 9.001E+05 3.260E+00 9.193E-01 1.331E+00 3.541E-01 2.604E+00 5.864E+00 2.143E+05  7.5070 1.00000
  1.000E+06 1.000E+06 3.271E+00 1.031E+00 1.490E+00 3.954E-01 2.917E+00 6.188E+00 2.309E+05  7.7165 1.00000
  1.200E+06 1.200E+06 3.290E+00 1.255E+00 1.812E+00 4.791E-01 3.547E+00 6.837E+00 2.617E+05  8.0800 1.00000
  1.400E+06 1.400E+06 3.306E+00 1.482E+00 2.136E+00 5.640E-01 4.182E+00 7.488E+00 2.897E+05  8.3878 1.00000
  1.700E+06 1.700E+06 3.327E+00 1.825E+00 2.623E+00 6.933E-01 5.142E+00 8.469E+00 3.274E+05  8.7759 1.00000
  2.000E+06 2.000E+06 3.344E+00 2.171E+00 3.113E+00 8.248E-01 6.109E+00 9.453E+00 3.610E+05  9.1009 1.00000
  2.500E+06 2.500E+06 3.368E+00 2.751E+00 3.933E+00 1.048E+00 7.732E+00 1.110E+01 4.100E+05  9.5472 1.00000
  3.000E+06 3.000E+06 3.388E+00 3.336E+00 4.757E+00 1.275E+00 9.368E+00 1.276E+01 4.521E+05  9.9118 1.00000
  3.500E+06 3.500E+06 3.405E+00 3.924E+00 5.582E+00 1.506E+00 1.101E+01 1.442E+01 4.890E+05 10.2201 1.00000
  4.000E+06 4.000E+06 3.420E+00 4.515E+00 6.409E+00 1.741E+00 1.266E+01 1.608E+01 5.219E+05 10.4871 1.00000
  4.500E+06 4.500E+06 3.433E+00 5.107E+00 7.238E+00 1.978E+00 1.432E+01 1.776E+01 5.515E+05 10.7227 1.00000
  5.000E+06 5.000E+06 3.444E+00 5.702E+00 8.068E+00 2.218E+00 1.599E+01 1.943E+01 5.785E+05 10.9334 1.00000
  5.500E+06 5.500E+06 3.455E+00 6.297E+00 8.898E+00 2.461E+00 1.766E+01 2.111E+01 6.032E+05 11.1240 1.00000
  6.000E+06 6.000E+06 3.465E+00 6.894E+00 9.729E+00 2.706E+00 1.933E+01 2.279E+01 6.260E+05 11.2981 1.00000
  7.000E+06 7.000E+06 3.482E+00 8.091E+00 1.139E+01 3.201E+00 2.269E+01 2.617E+01 6.670E+05 11.6063 1.00000
  8.000E+06 8.000E+06 3.497E+00 9.291E+00 1.306E+01 3.704E+00 2.606E+01 2.955E+01 7.031E+05 11.8734 1.00000
  9.000E+06 9.000E+06 3.510E+00 1.049E+01 1.473E+01 4.214E+00 2.944E+01 3.295E+01 7.351E+05 12.1090 1.00000
  1.000E+07 1.000E+07 3.522E+00 1.170E+01 1.640E+01 4.730E+00 3.283E+01 3.635E+01 7.641E+05 12.3197 1.00000
  1.200E+07 1.200E+07 3.543E+00 1.411E+01 1.974E+01 5.777E+00 3.963E+01 4.317E+01 8.148E+05 12.6843 1.00000
  1.400E+07 1.400E+07 3.561E+00 1.653E+01 2.308E+01 6.843E+00 4.646E+01 5.002E+01 8.579E+05 12.9926 1.00000
  1.700E+07 1.700E+07 3.584E+00 2.017E+01 2.810E+01 8.473E+00 5.675E+01 6.033E+01 9.128E+05 13.3809 1.00000
  2.000E+07 2.000E+07 3.603E+00 2.382E+01 3.313E+01 1.013E+01 6.708E+01 7.068E+01 9.588E+05 13.7060 1.00000
  2.500E+07 2.500E+07 3.630E+00 2.990E+01 4.150E+01 1.296E+01 8.436E+01 8.799E+01 1.023E+06 14.1523 1.00000
  3.000E+07 3.000E+07 3.652E+00 3.600E+01 4.988E+01 1.585E+01 1.017E+02 1.054E+02 1.075E+06 14.5169 1.00000
  3.500E+07 3.500E+07 3.670E+00 4.210E+01 5.827E+01 1.879E+01 1.192E+02 1.228E+02 1.119E+06 14.8252 1.00000
  4.000E+07 4.000E+07 3.686E+00 4.820E+01 6.665E+01 2.178E+01 1.366E+02 1.403E+02 1.157E+06 15.0923 1.00000
  4.500E+07 4.500E+07 3.701E+00 5.431E+01 7.504E+01 2.482E+01 1.542E+02 1.579E+02 1.191E+06 15.3278 1.00000
  5.000E+07 5.000E+07 3.714E+00 6.042E+01 8.343E+01 2.788E+01 1.717E+02 1.755E+02 1.221E+06 15.5385 1.00000
  5.500E+07 5.500E+07 3.726E+00 6.654E+01 9.182E+01 3.099E+01 1.894E+02 1.931E+02 1.248E+06 15.7292 1.00000
  6.000E+07 6.000E+07 3.737E+00 7.266E+01 1.002E+02 3.412E+01 2.070E+02 2.107E+02 1.273E+06 15.9032 1.00000
  7.000E+07 7.000E+07 3.756E+00 8.490E+01 1.170E+02 4.048E+01 2.424E+02 2.461E+02 1.317E+06 16.2115 1.00000
  8.000E+07 8.000E+07 3.773E+00 9.714E+01 1.338E+02 4.694E+01 2.779E+02 2.816E+02 1.355E+06 16.4786 1.00000
  9.000E+07 9.000E+07 3.787E+00 1.094E+02 1.506E+02 5.349E+01 3.135E+02 3.172E+02 1.388E+06 16.7141 1.00000
  1.000E+08 1.000E+08 3.801E+00 1.216E+02 1.674E+02 6.012E+01 3.491E+02 3.529E+02 1.418E+06 16.9248 1.00000
  1.200E+08 1.200E+08 3.824E+00 1.462E+02 2.010E+02 7.361E+01 4.207E+02 4.246E+02 1.470E+06 17.2895 1.00000
  1.400E+08 1.400E+08 3.844E+00 1.707E+02 2.345E+02 8.736E+01 4.926E+02 4.964E+02 1.514E+06 17.5978 1.00000
  1.700E+08 1.700E+08 3.869E+00 2.075E+02 2.849E+02 1.084E+02 6.008E+02 6.047E+02 1.569E+06 17.9861 1.00000
  2.000E+08 2.000E+08 3.891E+00 2.443E+02 3.353E+02 1.299E+02 7.095E+02 7.133E+02 1.615E+06 18.3111 1.00000
  2.500E+08 2.500E+08 3.920E+00 3.056E+02 4.193E+02 1.664E+02 8.914E+02 8.953E+02 1.678E+06 18.7574 1.00000
  3.000E+08 3.000E+08 3.945E+00 3.670E+02 5.033E+02 2.039E+02 1.074E+03 1.078E+03 1.729E+06 19.1221 1.00000
  3.500E+08 3.500E+08 3.966E+00 4.284E+02 5.873E+02 2.421E+02 1.258E+03 1.262E+03 1.772E+06 19.4304 1.00000
  4.000E+08 4.000E+08 3.984E+00 4.898E+02 6.712E+02 2.809E+02 1.442E+03 1.446E+03 1.809E+06 19.6974 1.00000
  4.500E+08 4.500E+08 4.000E+00 5.512E+02 7.552E+02 3.203E+02 1.627E+03 1.631E+03 1.842E+06 19.9330 1.00000
  5.000E+08 5.000E+08 4.014E+00 6.126E+02 8.392E+02 3.602E+02 1.812E+03 1.816E+03 1.871E+06 20.1437 1.00000
  5.500E+08 5.500E+08 4.027E+00 6.739E+02 9.232E+02 4.006E+02 1.998E+03 2.002E+03 1.897E+06 20.3343 1.00000
  6.000E+08 6.000E+08 4.040E+00 7.353E+02 1.007E+03 4.414E+02 2.184E+03 2.188E+03 1.921E+06 20.5084 1.00000
  7.000E+08 7.000E+08 4.061E+00 8.581E+02 1.175E+03 5.242E+02 2.557E+03 2.562E+03 1.963E+06 20.8167 1.00000
  8.000E+08 8.000E+08 4.080E+00 9.809E+02 1.343E+03 6.084E+02 2.932E+03 2.937E+03 2.000E+06 21.0837 1.00000
  9.000E+08 9.000E+08 4.097E+00 1.104E+03 1.511E+03 6.939E+02 3.309E+03 3.313E+03 2.032E+06 21.3193 1.00000
  1.000E+09 1.000E+09 4.111E+00 1.227E+03 1.679E+03 7.805E+02 3.686E+03 3.690E+03 2.061E+06 21.5300 1.00000
