 Incident particle is a Muon with M = 105.65839 MeV
 Index = 0: StandardRock
      Absorber with <Z/A> = 0.50000
 Sternheimer coef:  a     k=m_s   x_0    x_1    I[eV]   Cbar  delta0
                 0.0830  3.4120  0.0492  3.0549  136.4  3.7738 0.00

 *** Table generated with PUMAS v0.6 ***

      T         p     Ionization  brems     pair     photonuc  Radloss    dE/dx   CSDA Range  delta   beta
    [MeV]    [MeV/c]  -----------------------[MeV cm^2/g]------------------------  [g/cm^2]
  1.000E+00 1.457E+01 4.061E+01 1.130E-06 0.000E+00 0.000E+00 1.130E-06 4.061E+01 1.231E-02  0.0000 0.13661
  1.200E+00 1.597E+01 3.517E+01 1.298E-06 0.000E+00 0.000E+00 1.298E-06 3.517E+01 1.762E-02  0.0000 0.14944
  1.400E+00 1.726E+01 3.112E+01 1.458E-06 0.000E+00 0.000E+00 1.458E-06 3.112E+01 2.368E-02  0.0000 0.16119
  1.700E+00 1.903E+01 2.667E+01 1.685E-06 0.000E+00 0.000E+00 1.685E-06 2.667E+01 3.412E-02  0.0000 0.17725
  2.000E+00 2.066E+01 2.342E+01 1.901E-06 0.000E+00 0.000E+00 1.901E-06 2.342E+01 4.615E-02  0.0000 0.19186
  2.500E+00 2.312E+01 1.960E+01 2.239E-06 0.000E+00 0.000E+00 2.239E-06 1.960E+01 6.958E-02  0.0000 0.21376
  3.000E+00 2.536E+01 1.694E+01 2.554E-06 0.000E+00 0.000E+00 2.554E-06 1.694E+01 9.710E-02  0.0000 0.23336
  3.500E+00 2.742E+01 1.498E+01 2.851E-06 0.000E+00 0.000E+00 2.851E-06 1.498E+01 1.285E-01  0.0000 0.25120
  4.000E+00 2.935E+01 1.347E+01 3.133E-06 0.000E+00 0.000E+00 3.133E-06 1.347E+01 1.638E-01  0.0000 0.26763
  4.500E+00 3.116E+01 1.227E+01 3.402E-06 0.000E+00 0.000E+00 3.402E-06 1.227E+01 2.027E-01  0.0000 0.28290
  5.000E+00 3.289E+01 1.129E+01 3.659E-06 0.000E+00 0.000E+00 3.659E-06 1.129E+01 2.453E-01  0.0000 0.29720
  5.500E+00 3.453E+01 1.047E+01 3.906E-06 0.000E+00 0.000E+00 3.906E-06 1.047E+01 2.913E-01  0.0000 0.31066
  6.000E+00 3.611E+01 9.784E+00 4.144E-06 0.000E+00 0.000E+00 4.144E-06 9.784E+00 3.407E-01  0.0000 0.32339
  7.000E+00 3.909E+01 8.681E+00 4.597E-06 0.000E+00 0.000E+00 4.597E-06 8.681E+00 4.494E-01  0.0000 0.34700
  8.000E+00 4.189E+01 7.834E+00 5.023E-06 0.000E+00 0.000E+00 5.023E-06 7.834E+00 5.708E-01  0.0000 0.36854
  9.000E+00 4.453E+01 7.164E+00 5.427E-06 0.000E+00 0.000E+00 5.427E-06 7.164E+00 7.044E-01  0.0000 0.38836
  1.000E+01 4.704E+01 6.619E+00 5.812E-06 0.000E+00 0.000E+00 5.812E-06 6.619E+00 8.498E-01  0.0000 0.40675
  1.200E+01 5.177E+01 5.787E+00 6.534E-06 0.000E+00 0.000E+00 6.534E-06 5.787E+00 1.174E+00  0.0000 0.43998
  1.400E+01 5.616E+01 5.180E+00 7.206E-06 0.000E+00 0.000E+00 7.206E-06 5.180E+00 1.540E+00  0.0000 0.46937
  1.700E+01 6.230E+01 4.524E+00 8.142E-06 0.000E+00 0.000E+00 8.142E-06 4.524E+00 2.161E+00  0.0000 0.50792
  2.000E+01 6.802E+01 4.057E+00 9.014E-06 0.000E+00 0.000E+00 9.014E-06 4.057E+00 2.862E+00  0.0000 0.54129
  2.500E+01 7.686E+01 3.520E+00 1.037E-05 0.000E+00 0.000E+00 1.037E-05 3.520E+00 4.188E+00  0.0000 0.58827
  3.000E+01 8.509E+01 3.157E+00 1.163E-05 0.000E+00 0.000E+00 1.163E-05 3.157E+00 5.691E+00  0.0000 0.62720
  3.500E+01 9.285E+01 2.897E+00 1.284E-05 0.000E+00 0.000E+00 1.284E-05 2.897E+00 7.345E+00  0.0000 0.66011
  4.000E+01 1.003E+02 2.701E+00 1.402E-05 0.000E+00 0.000E+00 1.402E-05 2.701E+00 9.134E+00  0.0000 0.68834
  4.500E+01 1.074E+02 2.550E+00 1.517E-05 0.000E+00 0.000E+00 1.517E-05 2.550E+00 1.104E+01  0.0000 0.71286
  5.000E+01 1.143E+02 2.430E+00 1.630E-05 0.000E+00 0.000E+00 1.630E-05 2.430E+00 1.305E+01  0.0000 0.73434
  5.500E+01 1.210E+02 2.331E+00 1.743E-05 0.000E+00 0.000E+00 1.743E-05 2.331E+00 1.515E+01  0.0053 0.75332
  6.000E+01 1.276E+02 2.249E+00 1.855E-05 0.000E+00 0.000E+00 1.855E-05 2.249E+00 1.733E+01  0.0202 0.77019
  7.000E+01 1.403E+02 2.121E+00 2.080E-05 0.000E+00 0.000E+00 2.080E-05 2.122E+00 2.191E+01  0.0511 0.79887
  8.000E+01 1.527E+02 2.028E+00 2.306E-05 0.000E+00 0.000E+00 2.306E-05 2.028E+00 2.674E+01  0.0830 0.82227
  9.000E+01 1.647E+02 1.958E+00 2.536E-05 0.000E+00 0.000E+00 2.536E-05 1.958E+00 3.175E+01  0.1151 0.84166
  1.000E+02 1.764E+02 1.904E+00 2.769E-05 0.000E+00 0.000E+00 2.769E-05 1.904E+00 3.693E+01  0.1473 0.85794
  1.200E+02 1.994E+02 1.828E+00 3.247E-05 0.000E+00 0.000E+00 3.247E-05 1.828E+00 4.765E+01  0.2107 0.88361
  1.400E+02 2.218E+02 1.779E+00 3.742E-05 0.000E+00 0.000E+00 3.742E-05 1.779E+00 5.874E+01  0.2726 0.90278
  1.700E+02 2.546E+02 1.734E+00 4.518E-05 0.000E+00 0.000E+00 4.518E-05 1.735E+00 7.582E+01  0.3618 0.92363
  2.000E+02 2.868E+02 1.710E+00 5.332E-05 1.503E-11 0.000E+00 5.332E-05 1.710E+00 9.324E+01  0.4468 0.93835
  2.500E+02 3.396E+02 1.691E+00 6.770E-05 1.216E-07 0.000E+00 6.782E-05 1.692E+00 1.226E+02  0.5794 0.95485
  3.000E+02 3.917E+02 1.688E+00 8.301E-05 1.115E-06 0.000E+00 8.413E-05 1.688E+00 1.522E+02  0.7021 0.96548
  3.500E+02 4.432E+02 1.691E+00 9.918E-05 3.098E-06 0.000E+00 1.023E-04 1.691E+00 1.818E+02  0.8162 0.97274
  4.000E+02 4.945E+02 1.698E+00 1.161E-04 6.027E-06 0.000E+00 1.222E-04 1.698E+00 2.113E+02  0.9229 0.97793
  4.500E+02 5.455E+02 1.707E+00 1.338E-04 9.867E-06 0.000E+00 1.437E-04 1.707E+00 2.407E+02  1.0232 0.98176
  5.000E+02 5.964E+02 1.716E+00 1.521E-04 1.459E-05 0.000E+00 1.667E-04 1.717E+00 2.699E+02  1.1177 0.98467
  5.500E+02 6.471E+02 1.726E+00 1.711E-04 2.015E-05 0.000E+00 1.913E-04 1.727E+00 2.990E+02  1.2073 0.98693
  6.000E+02 6.977E+02 1.736E+00 1.907E-04 2.654E-05 0.000E+00 2.172E-04 1.737E+00 3.278E+02  1.2923 0.98873
  7.000E+02 7.987E+02 1.756E+00 2.314E-04 4.166E-05 0.000E+00 2.730E-04 1.756E+00 3.851E+02  1.4506 0.99136
  8.000E+02 8.995E+02 1.774E+00 2.740E-04 5.974E-05 0.000E+00 3.338E-04 1.775E+00 4.417E+02  1.5956 0.99317
  9.000E+02 1.000E+03 1.792E+00 3.185E-04 8.059E-05 0.000E+00 3.990E-04 1.792E+00 4.978E+02  1.7294 0.99447
  1.000E+03 1.101E+03 1.808E+00 3.645E-04 1.040E-04 0.000E+00 4.686E-04 1.808E+00 5.534E+02  1.8538 0.99542
  1.200E+03 1.301E+03 1.836E+00 4.610E-04 1.582E-04 2.253E-05 6.417E-04 1.837E+00 6.631E+02  2.0791 0.99672
  1.400E+03 1.502E+03 1.861E+00 5.626E-04 2.211E-04 6.159E-05 8.452E-04 1.862E+00 7.713E+02  2.2793 0.99753
  1.700E+03 1.803E+03 1.893E+00 7.233E-04 3.301E-04 1.318E-04 1.185E-03 1.894E+00 9.310E+02  2.5436 0.99829
  2.000E+03 2.103E+03 1.920E+00 8.927E-04 4.546E-04 2.143E-04 1.562E-03 1.921E+00 1.088E+03  2.7747 0.99874
  2.500E+03 2.604E+03 1.957E+00 1.191E-03 6.922E-04 3.738E-04 2.257E-03 1.959E+00 1.346E+03  3.1060 0.99918
  3.000E+03 3.104E+03 1.986E+00 1.507E-03 9.620E-04 5.411E-04 3.010E-03 1.989E+00 1.599E+03  3.3878 0.99942
  3.500E+03 3.604E+03 2.011E+00 1.837E-03 1.259E-03 7.182E-04 3.815E-03 2.015E+00 1.849E+03  3.6334 0.99957
  4.000E+03 4.104E+03 2.033E+00 2.180E-03 1.595E-03 9.075E-04 4.683E-03 2.037E+00 2.096E+03  3.8512 0.99967
  4.500E+03 4.604E+03 2.051E+00 2.535E-03 1.958E-03 1.104E-03 5.597E-03 2.057E+00 2.340E+03  4.0470 0.99974
  5.000E+03 5.105E+03 2.067E+00 2.899E-03 2.343E-03 1.293E-03 6.535E-03 2.074E+00 2.582E+03  4.2250 0.99979
  5.500E+03 5.605E+03 2.082E+00 3.272E-03 2.747E-03 1.497E-03 7.516E-03 2.090E+00 2.822E+03  4.3882 0.99982
  6.000E+03 6.105E+03 2.095E+00 3.654E-03 3.169E-03 1.687E-03 8.509E-03 2.104E+00 3.061E+03  4.5390 0.99985
  7.000E+03 7.105E+03 2.118E+00 4.440E-03 4.060E-03 2.089E-03 1.059E-02 2.129E+00 3.533E+03  4.8098 0.99989
  8.000E+03 8.105E+03 2.138E+00 5.252E-03 5.008E-03 2.489E-03 1.275E-02 2.150E+00 4.001E+03  5.0481 0.99992
  9.000E+03 9.105E+03 2.155E+00 6.088E-03 6.005E-03 2.865E-03 1.496E-02 2.170E+00 4.464E+03  5.2610 0.99993
  1.000E+04 1.011E+04 2.170E+00 6.944E-03 7.047E-03 3.253E-03 1.724E-02 2.187E+00 4.923E+03  5.4534 0.99995
  1.200E+04 1.211E+04 2.195E+00 8.711E-03 9.248E-03 4.041E-03 2.200E-02 2.217E+00 5.831E+03  5.7904 0.99996
  1.400E+04 1.411E+04 2.215E+00 1.054E-02 1.158E-02 4.830E-03 2.695E-02 2.242E+00 6.728E+03  6.0790 0.99997
  1.700E+04 1.711E+04 2.241E+00 1.339E-02 1.529E-02 6.000E-03 3.467E-02 2.276E+00 8.056E+03  6.4469 0.99998
  2.000E+04 2.011E+04 2.262E+00 1.633E-02 1.920E-02 7.149E-03 4.268E-02 2.304E+00 9.367E+03  6.7581 0.99999
  2.500E+04 2.511E+04 2.289E+00 2.142E-02 2.610E-02 9.037E-03 5.656E-02 2.346E+00 1.152E+04  7.1896 0.99999
  3.000E+04 3.011E+04 2.311E+00 2.669E-02 3.338E-02 1.089E-02 7.096E-02 2.382E+00 1.363E+04  7.5452 0.99999
  3.500E+04 3.511E+04 2.329E+00 3.211E-02 4.096E-02 1.277E-02 8.584E-02 2.415E+00 1.572E+04  7.8477 1.00000
  4.000E+04 4.011E+04 2.344E+00 3.767E-02 4.880E-02 1.462E-02 1.011E-01 2.445E+00 1.778E+04  8.1109 1.00000
  4.500E+04 4.511E+04 2.358E+00 4.334E-02 5.686E-02 1.645E-02 1.166E-01 2.474E+00 1.981E+04  8.3438 1.00000
  5.000E+04 5.011E+04 2.369E+00 4.910E-02 6.510E-02 1.829E-02 1.325E-01 2.502E+00 2.182E+04  8.5526 1.00000
  5.500E+04 5.511E+04 2.380E+00 5.496E-02 7.351E-02 2.013E-02 1.486E-01 2.528E+00 2.381E+04  8.7418 1.00000
  6.000E+04 6.011E+04 2.389E+00 6.089E-02 8.206E-02 2.196E-02 1.649E-01 2.554E+00 2.577E+04  8.9149 1.00000
  7.000E+04 7.011E+04 2.406E+00 7.297E-02 9.955E-02 2.559E-02 1.981E-01 2.604E+00 2.965E+04  9.2219 1.00000
  8.000E+04 8.011E+04 2.420E+00 8.529E-02 1.175E-01 2.923E-02 2.320E-01 2.652E+00 3.346E+04  9.4882 1.00000
  9.000E+04 9.011E+04 2.433E+00 9.781E-02 1.357E-01 3.287E-02 2.664E-01 2.699E+00 3.719E+04  9.7233 1.00000
  1.000E+05 1.001E+05 2.444E+00 1.105E-01 1.543E-01 3.645E-02 3.013E-01 2.745E+00 4.087E+04  9.9338 1.00000
  1.200E+05 1.201E+05 2.463E+00 1.364E-01 1.923E-01 4.373E-02 3.724E-01 2.835E+00 4.804E+04 10.2980 1.00000
  1.400E+05 1.401E+05 2.479E+00 1.628E-01 2.310E-01 5.101E-02 4.448E-01 2.924E+00 5.499E+04 10.6061 1.00000
  1.700E+05 1.701E+05 2.499E+00 2.032E-01 2.904E-01 6.195E-02 5.555E-01 3.054E+00 6.503E+04 10.9941 1.00000
  2.000E+05 2.001E+05 2.515E+00 2.444E-01 3.509E-01 7.295E-02 6.682E-01 3.184E+00 7.465E+04 11.3190 1.00000
  2.500E+05 2.501E+05 2.538E+00 3.143E-01 4.536E-01 9.136E-02 8.593E-01 3.398E+00 8.986E+04 11.7651 1.00000
  3.000E+05 3.001E+05 2.557E+00 3.856E-01 5.582E-01 1.099E-01 1.054E+00 3.611E+00 1.041E+05 12.1296 1.00000
  3.500E+05 3.501E+05 2.573E+00 4.580E-01 6.640E-01 1.287E-01 1.251E+00 3.823E+00 1.176E+05 12.4378 1.00000
  4.000E+05 4.001E+05 2.586E+00 5.312E-01 7.710E-01 1.476E-01 1.450E+00 4.036E+00 1.303E+05 12.7047 1.00000
  4.500E+05 4.501E+05 2.598E+00 6.052E-01 8.787E-01 1.665E-01 1.650E+00 4.249E+00 1.424E+05 12.9403 1.00000
  5.000E+05 5.001E+05 2.609E+00 6.797E-01 9.872E-01 1.857E-01 1.853E+00 4.462E+00 1.539E+05 13.1509 1.00000
  5.500E+05 5.501E+05 2.619E+00 7.549E-01 1.096E+00 2.047E-01 2.056E+00 4.675E+00 1.649E+05 13.3415 1.00000
  6.000E+05 6.001E+05 2.628E+00 8.305E-01 1.206E+00 2.238E-01 2.260E+00 4.888E+00 1.753E+05 13.5155 1.00000
  7.000E+05 7.001E+05 2.644E+00 9.829E-01 1.426E+00 2.623E-01 2.672E+00 5.316E+00 1.950E+05 13.8238 1.00000
  8.000E+05 8.001E+05 2.658E+00 1.137E+00 1.648E+00 3.013E-01 3.086E+00 5.744E+00 2.131E+05 14.0908 1.00000
  9.000E+05 9.001E+05 2.670E+00 1.292E+00 1.871E+00 3.407E-01 3.503E+00 6.174E+00 2.299E+05 14.3263 1.00000
  1.000E+06 1.000E+06 2.681E+00 1.448E+00 2.095E+00 3.804E-01 3.923E+00 6.604E+00 2.455E+05 14.5370 1.00000
  1.200E+06 1.200E+06 2.700E+00 1.762E+00 2.545E+00 4.607E-01 4.767E+00 7.468E+00 2.741E+05 14.9016 1.00000
  1.400E+06 1.400E+06 2.717E+00 2.079E+00 2.997E+00 5.423E-01 5.618E+00 8.334E+00 2.995E+05 15.2099 1.00000
  1.700E+06 1.700E+06 2.737E+00 2.557E+00 3.678E+00 6.665E-01 6.902E+00 9.639E+00 3.330E+05 15.5982 1.00000
  2.000E+06 2.000E+06 2.755E+00 3.040E+00 4.362E+00 7.927E-01 8.195E+00 1.095E+01 3.623E+05 15.9232 1.00000
  2.500E+06 2.500E+06 2.779E+00 3.849E+00 5.507E+00 1.007E+00 1.036E+01 1.314E+01 4.041E+05 16.3695 1.00000
  3.000E+06 3.000E+06 2.798E+00 4.664E+00 6.655E+00 1.225E+00 1.254E+01 1.534E+01 4.395E+05 16.7341 1.00000
  3.500E+06 3.500E+06 2.815E+00 5.483E+00 7.807E+00 1.447E+00 1.474E+01 1.755E+01 4.700E+05 17.0424 1.00000
  4.000E+06 4.000E+06 2.830E+00 6.305E+00 8.960E+00 1.672E+00 1.694E+01 1.977E+01 4.969E+05 17.3094 1.00000
  4.500E+06 4.500E+06 2.843E+00 7.130E+00 1.012E+01 1.900E+00 1.915E+01 2.199E+01 5.209E+05 17.5450 1.00000
  5.000E+06 5.000E+06 2.855E+00 7.957E+00 1.127E+01 2.131E+00 2.136E+01 2.421E+01 5.426E+05 17.7557 1.00000
  5.500E+06 5.500E+06 2.865E+00 8.785E+00 1.243E+01 2.364E+00 2.358E+01 2.644E+01 5.624E+05 17.9463 1.00000
  6.000E+06 6.000E+06 2.875E+00 9.615E+00 1.359E+01 2.599E+00 2.580E+01 2.868E+01 5.805E+05 18.1204 1.00000
  7.000E+06 7.000E+06 2.892E+00 1.128E+01 1.591E+01 3.075E+00 3.026E+01 3.315E+01 6.131E+05 18.4286 1.00000
  8.000E+06 8.000E+06 2.908E+00 1.295E+01 1.823E+01 3.558E+00 3.473E+01 3.764E+01 6.414E+05 18.6957 1.00000
  9.000E+06 9.000E+06 2.921E+00 1.462E+01 2.055E+01 4.047E+00 3.922E+01 4.214E+01 6.666E+05 18.9313 1.00000
  1.000E+07 1.000E+07 2.933E+00 1.629E+01 2.288E+01 4.542E+00 4.371E+01 4.664E+01 6.892E+05 19.1420 1.00000
  1.200E+07 1.200E+07 2.954E+00 1.964E+01 2.753E+01 5.548E+00 5.272E+01 5.568E+01 7.286E+05 19.5066 1.00000
  1.400E+07 1.400E+07 2.972E+00 2.300E+01 3.219E+01 6.571E+00 6.177E+01 6.474E+01 7.620E+05 19.8149 1.00000
  1.700E+07 1.700E+07 2.995E+00 2.805E+01 3.918E+01 8.136E+00 7.537E+01 7.836E+01 8.043E+05 20.2032 1.00000
  2.000E+07 2.000E+07 3.014E+00 3.311E+01 4.618E+01 9.730E+00 8.902E+01 9.203E+01 8.397E+05 20.5283 1.00000
  2.500E+07 2.500E+07 3.040E+00 4.155E+01 5.784E+01 1.244E+01 1.118E+02 1.149E+02 8.886E+05 20.9746 1.00000
  3.000E+07 3.000E+07 3.062E+00 5.000E+01 6.951E+01 1.522E+01 1.347E+02 1.378E+02 9.286E+05 21.3392 1.00000
  3.500E+07 3.500E+07 3.081E+00 5.846E+01 8.118E+01 1.804E+01 1.577E+02 1.608E+02 9.622E+05 21.6475 1.00000
  4.000E+07 4.000E+07 3.097E+00 6.693E+01 9.286E+01 2.091E+01 1.807E+02 1.838E+02 9.914E+05 21.9146 1.00000
  4.500E+07 4.500E+07 3.112E+00 7.540E+01 1.045E+02 2.383E+01 2.038E+02 2.069E+02 1.017E+06 22.1501 1.00000
  5.000E+07 5.000E+07 3.125E+00 8.387E+01 1.162E+02 2.677E+01 2.269E+02 2.300E+02 1.040E+06 22.3608 1.00000
  5.500E+07 5.500E+07 3.137E+00 9.234E+01 1.279E+02 2.975E+01 2.500E+02 2.531E+02 1.061E+06 22.5515 1.00000
  6.000E+07 6.000E+07 3.147E+00 1.008E+02 1.396E+02 3.276E+01 2.732E+02 2.763E+02 1.080E+06 22.7255 1.00000
  7.000E+07 7.000E+07 3.167E+00 1.178E+02 1.630E+02 3.886E+01 3.196E+02 3.228E+02 1.113E+06 23.0338 1.00000
  8.000E+07 8.000E+07 3.184E+00 1.348E+02 1.863E+02 4.506E+01 3.662E+02 3.693E+02 1.142E+06 23.3009 1.00000
  9.000E+07 9.000E+07 3.198E+00 1.517E+02 2.097E+02 5.135E+01 4.128E+02 4.160E+02 1.168E+06 23.5364 1.00000
  1.000E+08 1.000E+08 3.212E+00 1.687E+02 2.331E+02 5.772E+01 4.595E+02 4.627E+02 1.191E+06 23.7471 1.00000
  1.200E+08 1.200E+08 3.235E+00 2.027E+02 2.798E+02 7.067E+01 5.532E+02 5.564E+02 1.230E+06 24.1118 1.00000
  1.400E+08 1.400E+08 3.255E+00 2.367E+02 3.266E+02 8.387E+01 6.471E+02 6.504E+02 1.264E+06 24.4201 1.00000
  1.700E+08 1.700E+08 3.281E+00 2.876E+02 3.967E+02 1.041E+02 7.884E+02 7.917E+02 1.306E+06 24.8084 1.00000
  2.000E+08 2.000E+08 3.302E+00 3.386E+02 4.669E+02 1.247E+02 9.302E+02 9.335E+02 1.341E+06 25.1334 1.00000
  2.500E+08 2.500E+08 3.332E+00 4.236E+02 5.838E+02 1.598E+02 1.167E+03 1.171E+03 1.389E+06 25.5797 1.00000
  3.000E+08 3.000E+08 3.356E+00 5.086E+02 7.007E+02 1.957E+02 1.405E+03 1.408E+03 1.428E+06 25.9444 1.00000
  3.500E+08 3.500E+08 3.377E+00 5.936E+02 8.176E+02 2.324E+02 1.644E+03 1.647E+03 1.461E+06 26.2527 1.00000
  4.000E+08 4.000E+08 3.395E+00 6.787E+02 9.345E+02 2.697E+02 1.883E+03 1.886E+03 1.489E+06 26.5197 1.00000
  4.500E+08 4.500E+08 3.411E+00 7.637E+02 1.051E+03 3.075E+02 2.123E+03 2.126E+03 1.514E+06 26.7553 1.00000
  5.000E+08 5.000E+08 3.426E+00 8.487E+02 1.168E+03 3.458E+02 2.363E+03 2.366E+03 1.537E+06 26.9660 1.00000
  5.500E+08 5.500E+08 3.439E+00 9.338E+02 1.285E+03 3.846E+02 2.604E+03 2.607E+03 1.557E+06 27.1566 1.00000
  6.000E+08 6.000E+08 3.451E+00 1.019E+03 1.402E+03 4.237E+02 2.845E+03 2.848E+03 1.575E+06 27.3307 1.00000
  7.000E+08 7.000E+08 3.473E+00 1.189E+03 1.636E+03 5.032E+02 3.328E+03 3.332E+03 1.608E+06 27.6390 1.00000
  8.000E+08 8.000E+08 3.491E+00 1.359E+03 1.870E+03 5.841E+02 3.813E+03 3.816E+03 1.636E+06 27.9060 1.00000
  9.000E+08 9.000E+08 3.508E+00 1.529E+03 2.104E+03 6.661E+02 4.299E+03 4.302E+03 1.661E+06 28.1416 1.00000
  1.000E+09 1.000E+09 3.523E+00 1.699E+03 2.337E+03 7.493E+02 4.786E+03 4.789E+03 1.683E+06 28.3523 1.00000
